,DATE & TIME, FORECAST WIND(MW),  ACTUAL WIND(MW), REGION
0,1 November 2019 00:00,1222,1211,All Island
1,1 November 2019 00:15,1220,1281,All Island
2,1 November 2019 00:30,1218,1282,All Island
3,1 November 2019 00:45,1216,1294,All Island
4,1 November 2019 01:00,1206,1251,All Island
5,1 November 2019 01:15,1215,1265,All Island
6,1 November 2019 01:30,1225,1290,All Island
7,1 November 2019 01:45,1234,1291,All Island
8,1 November 2019 02:00,1240,1312,All Island
9,1 November 2019 02:15,1243,1320,All Island
10,1 November 2019 02:30,1246,1336,All Island
11,1 November 2019 02:45,1264,1344,All Island
12,1 November 2019 03:00,1268,1407,All Island
13,1 November 2019 03:15,1274,1450,All Island
14,1 November 2019 03:30,1280,1411,All Island
15,1 November 2019 03:45,1286,1425,All Island
16,1 November 2019 04:00,1278,1481,All Island
17,1 November 2019 04:15,1255,1445,All Island
18,1 November 2019 04:30,1232,1414,All Island
19,1 November 2019 04:45,1208,1452,All Island
20,1 November 2019 05:00,1192,1461,All Island
21,1 November 2019 05:15,1183,1457,All Island
22,1 November 2019 05:30,1175,1346,All Island
23,1 November 2019 05:45,1166,1303,All Island
24,1 November 2019 06:00,1196,1216,All Island
25,1 November 2019 06:15,1173,1142,All Island
26,1 November 2019 06:30,1149,1081,All Island
27,1 November 2019 06:45,1125,1069,All Island
28,1 November 2019 07:00,1098,989,All Island
29,1 November 2019 07:15,1069,903,All Island
30,1 November 2019 07:30,1039,863,All Island
31,1 November 2019 07:45,1009,850,All Island
32,1 November 2019 08:00,985,852,All Island
33,1 November 2019 08:15,965,830,All Island
34,1 November 2019 08:30,945,799,All Island
35,1 November 2019 08:45,925,750,All Island
36,1 November 2019 09:00,926,712,All Island
37,1 November 2019 09:15,948,696,All Island
38,1 November 2019 09:30,970,627,All Island
39,1 November 2019 09:45,992,541,All Island
40,1 November 2019 10:00,1018,512,All Island
41,1 November 2019 10:15,1049,527,All Island
42,1 November 2019 10:30,1080,516,All Island
43,1 November 2019 10:45,1111,480,All Island
44,1 November 2019 11:00,1144,527,All Island
45,1 November 2019 11:15,1180,545,All Island
46,1 November 2019 11:30,1215,525,All Island
47,1 November 2019 11:45,1251,548,All Island
48,1 November 2019 12:00,990,568,All Island
49,1 November 2019 12:15,1013,578,All Island
50,1 November 2019 12:30,1036,605,All Island
51,1 November 2019 12:45,1059,601,All Island
52,1 November 2019 13:00,1082,620,All Island
53,1 November 2019 13:15,1105,627,All Island
54,1 November 2019 13:30,1128,616,All Island
55,1 November 2019 13:45,1151,638,All Island
56,1 November 2019 14:00,1179,612,All Island
57,1 November 2019 14:15,1212,570,All Island
58,1 November 2019 14:30,1245,596,All Island
59,1 November 2019 14:45,1279,683,All Island
60,1 November 2019 15:00,1326,753,All Island
61,1 November 2019 15:15,1389,743,All Island
62,1 November 2019 15:30,1451,836,All Island
63,1 November 2019 15:45,1514,911,All Island
64,1 November 2019 16:00,1584,896,All Island
65,1 November 2019 16:15,1663,969,All Island
66,1 November 2019 16:30,1742,1060,All Island
67,1 November 2019 16:45,1820,1242,All Island
68,1 November 2019 17:00,1903,1445,All Island
69,1 November 2019 17:15,1989,1659,All Island
70,1 November 2019 17:30,2075,1626,All Island
71,1 November 2019 17:45,2162,1691,All Island
72,1 November 2019 18:00,1842,1822,All Island
73,1 November 2019 18:15,1907,1851,All Island
74,1 November 2019 18:30,1973,1948,All Island
75,1 November 2019 18:45,2039,1955,All Island
76,1 November 2019 19:00,2068,1911,All Island
77,1 November 2019 19:15,2102,1912,All Island
78,1 November 2019 19:30,2135,1984,All Island
79,1 November 2019 19:45,2188,2114,All Island
80,1 November 2019 20:00,2208,2107,All Island
81,1 November 2019 20:15,2215,2188,All Island
82,1 November 2019 20:30,2221,2085,All Island
83,1 November 2019 20:45,2227,2019,All Island
84,1 November 2019 21:00,2231,2005,All Island
85,1 November 2019 21:15,2231,2073,All Island
86,1 November 2019 21:30,2231,2072,All Island
87,1 November 2019 21:45,2232,2049,All Island
88,1 November 2019 22:00,2227,2022,All Island
89,1 November 2019 22:15,2216,1983,All Island
90,1 November 2019 22:30,2206,1894,All Island
91,1 November 2019 22:45,2196,1802,All Island
92,1 November 2019 23:00,2160,1859,All Island
93,1 November 2019 23:15,2137,1867,All Island
94,1 November 2019 23:30,2113,1804,All Island
95,1 November 2019 23:45,2107,1677,All Island
96,2 November 2019 00:00,1605,1581,All Island
97,2 November 2019 00:15,1504,1406,All Island
98,2 November 2019 00:30,1403,1343,All Island
99,2 November 2019 00:45,1312,1229,All Island
100,2 November 2019 01:00,1220,1085,All Island
101,2 November 2019 01:15,1139,1044,All Island
102,2 November 2019 01:30,1058,881,All Island
103,2 November 2019 01:45,976,825,All Island
104,2 November 2019 02:00,927,760,All Island
105,2 November 2019 02:15,908,745,All Island
106,2 November 2019 02:30,890,763,All Island
107,2 November 2019 02:45,872,666,All Island
108,2 November 2019 03:00,866,631,All Island
109,2 November 2019 03:15,882,588,All Island
110,2 November 2019 03:30,898,602,All Island
111,2 November 2019 03:45,925,637,All Island
112,2 November 2019 04:00,957,669,All Island
113,2 November 2019 04:15,1003,725,All Island
114,2 November 2019 04:30,1050,903,All Island
115,2 November 2019 04:45,1096,1055,All Island
116,2 November 2019 05:00,1176,1213,All Island
117,2 November 2019 05:15,1290,1439,All Island
118,2 November 2019 05:30,1404,1523,All Island
119,2 November 2019 05:45,1518,1628,All Island
120,2 November 2019 06:00,1387,1663,All Island
121,2 November 2019 06:15,1467,1680,All Island
122,2 November 2019 06:30,1547,1705,All Island
123,2 November 2019 06:45,1627,1690,All Island
124,2 November 2019 07:00,1680,1713,All Island
125,2 November 2019 07:15,1706,1632,All Island
126,2 November 2019 07:30,1732,1681,All Island
127,2 November 2019 07:45,1759,1722,All Island
128,2 November 2019 08:00,1781,1687,All Island
129,2 November 2019 08:15,1799,1666,All Island
130,2 November 2019 08:30,1818,1729,All Island
131,2 November 2019 08:45,1837,1734,All Island
132,2 November 2019 09:00,1865,1752,All Island
133,2 November 2019 09:15,1903,1780,All Island
134,2 November 2019 09:30,1941,1840,All Island
135,2 November 2019 09:45,1979,1924,All Island
136,2 November 2019 10:00,2014,2003,All Island
137,2 November 2019 10:15,2048,1994,All Island
138,2 November 2019 10:30,2081,1993,All Island
139,2 November 2019 10:45,2114,2004,All Island
140,2 November 2019 11:00,2144,2042,All Island
141,2 November 2019 11:15,2171,2054,All Island
142,2 November 2019 11:30,2198,2083,All Island
143,2 November 2019 11:45,2226,2136,All Island
144,2 November 2019 12:00,2287,2162,All Island
145,2 November 2019 12:15,2276,2199,All Island
146,2 November 2019 12:30,2265,2207,All Island
147,2 November 2019 12:45,2255,2240,All Island
148,2 November 2019 13:00,2251,2281,All Island
149,2 November 2019 13:15,2255,2284,All Island
150,2 November 2019 13:30,2258,2267,All Island
151,2 November 2019 13:45,2262,2257,All Island
152,2 November 2019 14:00,2257,2237,All Island
153,2 November 2019 14:15,2244,2263,All Island
154,2 November 2019 14:30,2232,2229,All Island
155,2 November 2019 14:45,2219,2184,All Island
156,2 November 2019 15:00,2211,2195,All Island
157,2 November 2019 15:15,2209,2160,All Island
158,2 November 2019 15:30,2206,2100,All Island
159,2 November 2019 15:45,2204,2055,All Island
160,2 November 2019 16:00,2171,1982,All Island
161,2 November 2019 16:15,2148,1930,All Island
162,2 November 2019 16:30,2125,1889,All Island
163,2 November 2019 16:45,2123,1948,All Island
164,2 November 2019 17:00,2098,1914,All Island
165,2 November 2019 17:15,2071,1887,All Island
166,2 November 2019 17:30,2044,1870,All Island
167,2 November 2019 17:45,2017,1861,All Island
168,2 November 2019 18:00,1937,1756,All Island
169,2 November 2019 18:15,1869,1726,All Island
170,2 November 2019 18:30,1802,1719,All Island
171,2 November 2019 18:45,1734,1737,All Island
172,2 November 2019 19:00,1686,1758,All Island
173,2 November 2019 19:15,1657,1752,All Island
174,2 November 2019 19:30,1628,1721,All Island
175,2 November 2019 19:45,1599,1691,All Island
176,2 November 2019 20:00,1549,1732,All Island
177,2 November 2019 20:15,1515,1742,All Island
178,2 November 2019 20:30,1481,1748,All Island
179,2 November 2019 20:45,1465,1756,All Island
180,2 November 2019 21:00,1442,1716,All Island
181,2 November 2019 21:15,1431,1745,All Island
182,2 November 2019 21:30,1421,1674,All Island
183,2 November 2019 21:45,1410,1734,All Island
184,2 November 2019 22:00,1392,1664,All Island
185,2 November 2019 22:15,1367,1693,All Island
186,2 November 2019 22:30,1343,1705,All Island
187,2 November 2019 22:45,1318,1672,All Island
188,2 November 2019 23:00,1295,1646,All Island
189,2 November 2019 23:15,1275,1633,All Island
190,2 November 2019 23:30,1255,1572,All Island
191,2 November 2019 23:45,1234,1472,All Island
192,3 November 2019 00:00,1221,1359,All Island
193,3 November 2019 00:15,1186,1298,All Island
194,3 November 2019 00:30,1151,1331,All Island
195,3 November 2019 00:45,1116,1356,All Island
196,3 November 2019 01:00,1078,1307,All Island
197,3 November 2019 01:15,1068,1225,All Island
198,3 November 2019 01:30,1058,1224,All Island
199,3 November 2019 01:45,1048,1202,All Island
200,3 November 2019 02:00,1036,1254,All Island
201,3 November 2019 02:15,1021,1292,All Island
202,3 November 2019 02:30,1006,1295,All Island
203,3 November 2019 02:45,1007,1288,All Island
204,3 November 2019 03:00,993,1239,All Island
205,3 November 2019 03:15,979,1234,All Island
206,3 November 2019 03:30,965,1180,All Island
207,3 November 2019 03:45,951,1159,All Island
208,3 November 2019 04:00,930,1124,All Island
209,3 November 2019 04:15,902,1063,All Island
210,3 November 2019 04:30,873,1083,All Island
211,3 November 2019 04:45,844,1090,All Island
212,3 November 2019 05:00,822,1074,All Island
213,3 November 2019 05:15,807,1028,All Island
214,3 November 2019 05:30,792,1012,All Island
215,3 November 2019 05:45,777,963,All Island
216,3 November 2019 06:00,780,878,All Island
217,3 November 2019 06:15,780,841,All Island
218,3 November 2019 06:30,779,790,All Island
219,3 November 2019 06:45,778,780,All Island
220,3 November 2019 07:00,782,768,All Island
221,3 November 2019 07:15,793,681,All Island
222,3 November 2019 07:30,803,676,All Island
223,3 November 2019 07:45,813,709,All Island
224,3 November 2019 08:00,827,698,All Island
225,3 November 2019 08:15,846,810,All Island
226,3 November 2019 08:30,864,877,All Island
227,3 November 2019 08:45,882,869,All Island
228,3 November 2019 09:00,899,900,All Island
229,3 November 2019 09:15,946,919,All Island
230,3 November 2019 09:30,994,853,All Island
231,3 November 2019 09:45,1061,903,All Island
232,3 November 2019 10:00,1092,911,All Island
233,3 November 2019 10:15,1106,994,All Island
234,3 November 2019 10:30,1119,961,All Island
235,3 November 2019 10:45,1133,932,All Island
236,3 November 2019 11:00,1137,940,All Island
237,3 November 2019 11:15,1131,913,All Island
238,3 November 2019 11:30,1124,847,All Island
239,3 November 2019 11:45,1118,835,All Island
240,3 November 2019 12:00,1072,888,All Island
241,3 November 2019 12:15,1036,920,All Island
242,3 November 2019 12:30,1001,855,All Island
243,3 November 2019 12:45,965,820,All Island
244,3 November 2019 13:00,908,797,All Island
245,3 November 2019 13:15,858,810,All Island
246,3 November 2019 13:30,808,828,All Island
247,3 November 2019 13:45,769,868,All Island
248,3 November 2019 14:00,715,788,All Island
249,3 November 2019 14:15,657,723,All Island
250,3 November 2019 14:30,599,645,All Island
251,3 November 2019 14:45,542,577,All Island
252,3 November 2019 15:00,510,542,All Island
253,3 November 2019 15:15,506,517,All Island
254,3 November 2019 15:30,501,500,All Island
255,3 November 2019 15:45,497,407,All Island
256,3 November 2019 16:00,505,372,All Island
257,3 November 2019 16:15,527,330,All Island
258,3 November 2019 16:30,548,337,All Island
259,3 November 2019 16:45,570,376,All Island
260,3 November 2019 17:00,598,478,All Island
261,3 November 2019 17:15,641,569,All Island
262,3 November 2019 17:30,683,518,All Island
263,3 November 2019 17:45,737,526,All Island
264,3 November 2019 18:00,789,545,All Island
265,3 November 2019 18:15,816,620,All Island
266,3 November 2019 18:30,843,609,All Island
267,3 November 2019 18:45,870,569,All Island
268,3 November 2019 19:00,865,599,All Island
269,3 November 2019 19:15,829,637,All Island
270,3 November 2019 19:30,793,617,All Island
271,3 November 2019 19:45,758,703,All Island
272,3 November 2019 20:00,723,698,All Island
273,3 November 2019 20:15,690,713,All Island
274,3 November 2019 20:30,657,652,All Island
275,3 November 2019 20:45,624,554,All Island
276,3 November 2019 21:00,592,473,All Island
277,3 November 2019 21:15,583,430,All Island
278,3 November 2019 21:30,574,355,All Island
279,3 November 2019 21:45,573,354,All Island
280,3 November 2019 22:00,561,348,All Island
281,3 November 2019 22:15,549,308,All Island
282,3 November 2019 22:30,536,279,All Island
283,3 November 2019 22:45,523,270,All Island
284,3 November 2019 23:00,502,283,All Island
285,3 November 2019 23:15,488,304,All Island
286,3 November 2019 23:30,474,240,All Island
287,3 November 2019 23:45,466,274,All Island
288,4 November 2019 00:00,450,250,All Island
289,4 November 2019 00:15,423,261,All Island
290,4 November 2019 00:30,396,220,All Island
291,4 November 2019 00:45,368,211,All Island
292,4 November 2019 01:00,346,213,All Island
293,4 November 2019 01:15,334,209,All Island
294,4 November 2019 01:30,321,182,All Island
295,4 November 2019 01:45,309,164,All Island
296,4 November 2019 02:00,302,159,All Island
297,4 November 2019 02:15,300,150,All Island
298,4 November 2019 02:30,299,138,All Island
299,4 November 2019 02:45,299,155,All Island
300,4 November 2019 03:00,298,150,All Island
301,4 November 2019 03:15,298,127,All Island
302,4 November 2019 03:30,298,143,All Island
303,4 November 2019 03:45,299,162,All Island
304,4 November 2019 04:00,309,207,All Island
305,4 November 2019 04:15,330,246,All Island
306,4 November 2019 04:30,351,294,All Island
307,4 November 2019 04:45,372,303,All Island
308,4 November 2019 05:00,400,345,All Island
309,4 November 2019 05:15,435,394,All Island
310,4 November 2019 05:30,470,450,All Island
311,4 November 2019 05:45,505,494,All Island
312,4 November 2019 06:00,369,547,All Island
313,4 November 2019 06:15,400,572,All Island
314,4 November 2019 06:30,430,636,All Island
315,4 November 2019 06:45,461,688,All Island
316,4 November 2019 07:00,495,722,All Island
317,4 November 2019 07:15,535,754,All Island
318,4 November 2019 07:30,574,811,All Island
319,4 November 2019 07:45,614,834,All Island
320,4 November 2019 08:00,646,839,All Island
321,4 November 2019 08:15,671,905,All Island
322,4 November 2019 08:30,696,928,All Island
323,4 November 2019 08:45,721,991,All Island
324,4 November 2019 09:00,745,932,All Island
325,4 November 2019 09:15,769,981,All Island
326,4 November 2019 09:30,793,1000,All Island
327,4 November 2019 09:45,817,1021,All Island
328,4 November 2019 10:00,853,1078,All Island
329,4 November 2019 10:15,900,1167,All Island
330,4 November 2019 10:30,947,1207,All Island
331,4 November 2019 10:45,994,1292,All Island
332,4 November 2019 11:00,1041,1351,All Island
333,4 November 2019 11:15,1088,1441,All Island
334,4 November 2019 11:30,1135,1486,All Island
335,4 November 2019 11:45,1182,1518,All Island
336,4 November 2019 12:00,1300,1692,All Island
337,4 November 2019 12:15,1334,1804,All Island
338,4 November 2019 12:30,1368,1833,All Island
339,4 November 2019 12:45,1402,1910,All Island
340,4 November 2019 13:00,1450,1845,All Island
341,4 November 2019 13:15,1514,1845,All Island
342,4 November 2019 13:30,1578,1957,All Island
343,4 November 2019 13:45,1641,2004,All Island
344,4 November 2019 14:00,1695,2122,All Island
345,4 November 2019 14:15,1740,2140,All Island
346,4 November 2019 14:30,1784,2222,All Island
347,4 November 2019 14:45,1828,2233,All Island
348,4 November 2019 15:00,1868,2242,All Island
349,4 November 2019 15:15,1903,2273,All Island
350,4 November 2019 15:30,1939,2384,All Island
351,4 November 2019 15:45,1974,2470,All Island
352,4 November 2019 16:00,2002,2499,All Island
353,4 November 2019 16:15,2023,2502,All Island
354,4 November 2019 16:30,2044,2470,All Island
355,4 November 2019 16:45,2065,2615,All Island
356,4 November 2019 17:00,2083,2604,All Island
357,4 November 2019 17:15,2100,2605,All Island
358,4 November 2019 17:30,2117,2706,All Island
359,4 November 2019 17:45,2133,2772,All Island
360,4 November 2019 18:00,1997,2752,All Island
361,4 November 2019 18:15,1993,2781,All Island
362,4 November 2019 18:30,1988,2791,All Island
363,4 November 2019 18:45,1984,2785,All Island
364,4 November 2019 19:00,2002,2760,All Island
365,4 November 2019 19:15,2065,2767,All Island
366,4 November 2019 19:30,2129,2799,All Island
367,4 November 2019 19:45,2207,2801,All Island
368,4 November 2019 20:00,2270,2689,All Island
369,4 November 2019 20:15,2334,2688,All Island
370,4 November 2019 20:30,2398,2722,All Island
371,4 November 2019 20:45,2461,2734,All Island
372,4 November 2019 21:00,2505,2732,All Island
373,4 November 2019 21:15,2530,2673,All Island
374,4 November 2019 21:30,2555,2728,All Island
375,4 November 2019 21:45,2579,2685,All Island
376,4 November 2019 22:00,2596,2645,All Island
377,4 November 2019 22:15,2603,2627,All Island
378,4 November 2019 22:30,2611,2592,All Island
379,4 November 2019 22:45,2619,2612,All Island
380,4 November 2019 23:00,2612,2629,All Island
381,4 November 2019 23:15,2624,2619,All Island
382,4 November 2019 23:30,2635,2621,All Island
383,4 November 2019 23:45,2664,2600,All Island
384,5 November 2019 00:00,2385,2564,All Island
385,5 November 2019 00:15,2353,2556,All Island
386,5 November 2019 00:30,2320,2517,All Island
387,5 November 2019 00:45,2303,2535,All Island
388,5 November 2019 01:00,2297,2503,All Island
389,5 November 2019 01:15,2318,2441,All Island
390,5 November 2019 01:30,2338,2392,All Island
391,5 November 2019 01:45,2358,2340,All Island
392,5 November 2019 02:00,2364,2371,All Island
393,5 November 2019 02:15,2355,2379,All Island
394,5 November 2019 02:30,2345,2330,All Island
395,5 November 2019 02:45,2336,2295,All Island
396,5 November 2019 03:00,2308,2331,All Island
397,5 November 2019 03:15,2296,2357,All Island
398,5 November 2019 03:30,2284,2368,All Island
399,5 November 2019 03:45,2289,2333,All Island
400,5 November 2019 04:00,2268,2361,All Island
401,5 November 2019 04:15,2241,2351,All Island
402,5 November 2019 04:30,2213,2343,All Island
403,5 November 2019 04:45,2185,2286,All Island
404,5 November 2019 05:00,2152,2234,All Island
405,5 November 2019 05:15,2114,2168,All Island
406,5 November 2019 05:30,2075,2108,All Island
407,5 November 2019 05:45,2037,2084,All Island
408,5 November 2019 06:00,1666,1975,All Island
409,5 November 2019 06:15,1614,1926,All Island
410,5 November 2019 06:30,1561,1933,All Island
411,5 November 2019 06:45,1508,1926,All Island
412,5 November 2019 07:00,1485,1895,All Island
413,5 November 2019 07:15,1491,1812,All Island
414,5 November 2019 07:30,1497,1725,All Island
415,5 November 2019 07:45,1504,1630,All Island
416,5 November 2019 08:00,1500,1567,All Island
417,5 November 2019 08:15,1486,1543,All Island
418,5 November 2019 08:30,1472,1447,All Island
419,5 November 2019 08:45,1458,1326,All Island
420,5 November 2019 09:00,1438,1276,All Island
421,5 November 2019 09:15,1413,1201,All Island
422,5 November 2019 09:30,1388,1142,All Island
423,5 November 2019 09:45,1363,1070,All Island
424,5 November 2019 10:00,1327,992,All Island
425,5 November 2019 10:15,1280,943,All Island
426,5 November 2019 10:30,1233,915,All Island
427,5 November 2019 10:45,1186,879,All Island
428,5 November 2019 11:00,1144,838,All Island
429,5 November 2019 11:15,1108,824,All Island
430,5 November 2019 11:30,1071,767,All Island
431,5 November 2019 11:45,1035,751,All Island
432,5 November 2019 12:00,916,761,All Island
433,5 November 2019 12:15,899,758,All Island
434,5 November 2019 12:30,882,767,All Island
435,5 November 2019 12:45,866,664,All Island
436,5 November 2019 13:00,870,697,All Island
437,5 November 2019 13:15,896,734,All Island
438,5 November 2019 13:30,922,683,All Island
439,5 November 2019 13:45,947,710,All Island
440,5 November 2019 14:00,948,755,All Island
441,5 November 2019 14:15,923,767,All Island
442,5 November 2019 14:30,899,764,All Island
443,5 November 2019 14:45,874,733,All Island
444,5 November 2019 15:00,851,650,All Island
445,5 November 2019 15:15,830,585,All Island
446,5 November 2019 15:30,808,532,All Island
447,5 November 2019 15:45,787,520,All Island
448,5 November 2019 16:00,748,496,All Island
449,5 November 2019 16:15,692,491,All Island
450,5 November 2019 16:30,636,493,All Island
451,5 November 2019 16:45,581,471,All Island
452,5 November 2019 17:00,538,485,All Island
453,5 November 2019 17:15,510,452,All Island
454,5 November 2019 17:30,481,488,All Island
455,5 November 2019 17:45,452,432,All Island
456,5 November 2019 18:00,347,384,All Island
457,5 November 2019 18:15,331,351,All Island
458,5 November 2019 18:30,314,319,All Island
459,5 November 2019 18:45,297,309,All Island
460,5 November 2019 19:00,287,296,All Island
461,5 November 2019 19:15,283,272,All Island
462,5 November 2019 19:30,280,236,All Island
463,5 November 2019 19:45,277,227,All Island
464,5 November 2019 20:00,268,194,All Island
465,5 November 2019 20:15,259,173,All Island
466,5 November 2019 20:30,250,149,All Island
467,5 November 2019 20:45,243,130,All Island
468,5 November 2019 21:00,235,137,All Island
469,5 November 2019 21:15,228,123,All Island
470,5 November 2019 21:30,221,110,All Island
471,5 November 2019 21:45,214,92,All Island
472,5 November 2019 22:00,207,98,All Island
473,5 November 2019 22:15,201,92,All Island
474,5 November 2019 22:30,195,93,All Island
475,5 November 2019 22:45,189,89,All Island
476,5 November 2019 23:00,186,95,All Island
477,5 November 2019 23:15,184,92,All Island
478,5 November 2019 23:30,183,90,All Island
479,5 November 2019 23:45,181,88,All Island
480,6 November 2019 00:00,129,77,All Island
481,6 November 2019 00:15,129,80,All Island
482,6 November 2019 00:30,128,93,All Island
483,6 November 2019 00:45,127,99,All Island
484,6 November 2019 01:00,126,113,All Island
485,6 November 2019 01:15,127,122,All Island
486,6 November 2019 01:30,128,120,All Island
487,6 November 2019 01:45,128,126,All Island
488,6 November 2019 02:00,128,129,All Island
489,6 November 2019 02:15,125,112,All Island
490,6 November 2019 02:30,122,102,All Island
491,6 November 2019 02:45,120,93,All Island
492,6 November 2019 03:00,118,87,All Island
493,6 November 2019 03:15,116,77,All Island
494,6 November 2019 03:30,114,69,All Island
495,6 November 2019 03:45,112,68,All Island
496,6 November 2019 04:00,110,69,All Island
497,6 November 2019 04:15,109,70,All Island
498,6 November 2019 04:30,109,60,All Island
499,6 November 2019 04:45,108,56,All Island
500,6 November 2019 05:00,110,63,All Island
501,6 November 2019 05:15,114,78,All Island
502,6 November 2019 05:30,119,88,All Island
503,6 November 2019 05:45,124,83,All Island
504,6 November 2019 06:00,138,81,All Island
505,6 November 2019 06:15,149,87,All Island
506,6 November 2019 06:30,161,88,All Island
507,6 November 2019 06:45,173,96,All Island
508,6 November 2019 07:00,184,109,All Island
509,6 November 2019 07:15,194,119,All Island
510,6 November 2019 07:30,204,129,All Island
511,6 November 2019 07:45,214,147,All Island
512,6 November 2019 08:00,231,175,All Island
513,6 November 2019 08:15,255,200,All Island
514,6 November 2019 08:30,278,197,All Island
515,6 November 2019 08:45,302,216,All Island
516,6 November 2019 09:00,326,231,All Island
517,6 November 2019 09:15,349,248,All Island
518,6 November 2019 09:30,373,264,All Island
519,6 November 2019 09:45,396,295,All Island
520,6 November 2019 10:00,411,321,All Island
521,6 November 2019 10:15,416,356,All Island
522,6 November 2019 10:30,422,346,All Island
523,6 November 2019 10:45,427,371,All Island
524,6 November 2019 11:00,448,374,All Island
525,6 November 2019 11:15,483,413,All Island
526,6 November 2019 11:30,519,401,All Island
527,6 November 2019 11:45,554,422,All Island
528,6 November 2019 12:00,696,381,All Island
529,6 November 2019 12:15,820,463,All Island
530,6 November 2019 12:30,943,577,All Island
531,6 November 2019 12:45,1067,683,All Island
532,6 November 2019 13:00,1154,744,All Island
533,6 November 2019 13:15,1206,902,All Island
534,6 November 2019 13:30,1257,1006,All Island
535,6 November 2019 13:45,1308,1128,All Island
536,6 November 2019 14:00,1365,1020,All Island
537,6 November 2019 14:15,1426,1134,All Island
538,6 November 2019 14:30,1488,1160,All Island
539,6 November 2019 14:45,1550,1271,All Island
540,6 November 2019 15:00,1604,1228,All Island
541,6 November 2019 15:15,1651,1320,All Island
542,6 November 2019 15:30,1699,1381,All Island
543,6 November 2019 15:45,1746,1498,All Island
544,6 November 2019 16:00,1781,1493,All Island
545,6 November 2019 16:15,1804,1433,All Island
546,6 November 2019 16:30,1828,1497,All Island
547,6 November 2019 16:45,1851,1495,All Island
548,6 November 2019 17:00,1875,1556,All Island
549,6 November 2019 17:15,1900,1547,All Island
550,6 November 2019 17:30,1926,1499,All Island
551,6 November 2019 17:45,1951,1417,All Island
552,6 November 2019 18:00,1877,1393,All Island
553,6 November 2019 18:15,1892,1353,All Island
554,6 November 2019 18:30,1906,1457,All Island
555,6 November 2019 18:45,1921,1449,All Island
556,6 November 2019 19:00,1928,1512,All Island
557,6 November 2019 19:15,1927,1419,All Island
558,6 November 2019 19:30,1927,1453,All Island
559,6 November 2019 19:45,1927,1540,All Island
560,6 November 2019 20:00,1917,1548,All Island
561,6 November 2019 20:15,1898,1560,All Island
562,6 November 2019 20:30,1878,1469,All Island
563,6 November 2019 20:45,1858,1435,All Island
564,6 November 2019 21:00,1827,1411,All Island
565,6 November 2019 21:15,1824,1448,All Island
566,6 November 2019 21:30,1820,1414,All Island
567,6 November 2019 21:45,1838,1422,All Island
568,6 November 2019 22:00,1833,1326,All Island
569,6 November 2019 22:15,1824,1395,All Island
570,6 November 2019 22:30,1815,1447,All Island
571,6 November 2019 22:45,1807,1441,All Island
572,6 November 2019 23:00,1777,1465,All Island
573,6 November 2019 23:15,1768,1484,All Island
574,6 November 2019 23:30,1758,1449,All Island
575,6 November 2019 23:45,1770,1391,All Island
576,7 November 2019 00:00,1606,1440,All Island
577,7 November 2019 00:15,1586,1413,All Island
578,7 November 2019 00:30,1566,1358,All Island
579,7 November 2019 00:45,1566,1358,All Island
580,7 November 2019 01:00,1543,1265,All Island
581,7 November 2019 01:15,1517,1199,All Island
582,7 November 2019 01:30,1490,1250,All Island
583,7 November 2019 01:45,1464,1255,All Island
584,7 November 2019 02:00,1430,1259,All Island
585,7 November 2019 02:15,1388,1307,All Island
586,7 November 2019 02:30,1347,1205,All Island
587,7 November 2019 02:45,1305,1365,All Island
588,7 November 2019 03:00,1247,1364,All Island
589,7 November 2019 03:15,1201,1246,All Island
590,7 November 2019 03:30,1156,1224,All Island
591,7 November 2019 03:45,1119,1249,All Island
592,7 November 2019 04:00,1064,1182,All Island
593,7 November 2019 04:15,1002,1236,All Island
594,7 November 2019 04:30,940,1203,All Island
595,7 November 2019 04:45,878,1207,All Island
596,7 November 2019 05:00,835,1181,All Island
597,7 November 2019 05:15,813,1100,All Island
598,7 November 2019 05:30,791,1025,All Island
599,7 November 2019 05:45,768,1015,All Island
600,7 November 2019 06:00,606,1019,All Island
601,7 November 2019 06:15,643,1056,All Island
602,7 November 2019 06:30,681,1112,All Island
603,7 November 2019 06:45,718,1178,All Island
604,7 November 2019 07:00,779,1298,All Island
605,7 November 2019 07:15,862,1346,All Island
606,7 November 2019 07:30,945,1455,All Island
607,7 November 2019 07:45,1029,1566,All Island
608,7 November 2019 08:00,1088,1591,All Island
609,7 November 2019 08:15,1143,1633,All Island
610,7 November 2019 08:30,1198,1728,All Island
611,7 November 2019 08:45,1253,1722,All Island
612,7 November 2019 09:00,1309,1786,All Island
613,7 November 2019 09:15,1366,1909,All Island
614,7 November 2019 09:30,1422,1899,All Island
615,7 November 2019 09:45,1478,1852,All Island
616,7 November 2019 10:00,1530,1900,All Island
617,7 November 2019 10:15,1576,1927,All Island
618,7 November 2019 10:30,1622,1920,All Island
619,7 November 2019 10:45,1668,1912,All Island
620,7 November 2019 11:00,1707,1874,All Island
621,7 November 2019 11:15,1739,1914,All Island
622,7 November 2019 11:30,1771,1950,All Island
623,7 November 2019 11:45,1804,1937,All Island
624,7 November 2019 12:00,1539,1975,All Island
625,7 November 2019 12:15,1560,2051,All Island
626,7 November 2019 12:30,1582,2107,All Island
627,7 November 2019 12:45,1603,2154,All Island
628,7 November 2019 13:00,1649,2189,All Island
629,7 November 2019 13:15,1718,2213,All Island
630,7 November 2019 13:30,1786,2181,All Island
631,7 November 2019 13:45,1855,2166,All Island
632,7 November 2019 14:00,1903,2168,All Island
633,7 November 2019 14:15,1931,2250,All Island
634,7 November 2019 14:30,1958,2269,All Island
635,7 November 2019 14:45,1986,2299,All Island
636,7 November 2019 15:00,2010,2283,All Island
637,7 November 2019 15:15,2030,2281,All Island
638,7 November 2019 15:30,2051,2256,All Island
639,7 November 2019 15:45,2072,2413,All Island
640,7 November 2019 16:00,2087,2385,All Island
641,7 November 2019 16:15,2096,2321,All Island
642,7 November 2019 16:30,2106,2330,All Island
643,7 November 2019 16:45,2115,2335,All Island
644,7 November 2019 17:00,2126,2350,All Island
645,7 November 2019 17:15,2140,2273,All Island
646,7 November 2019 17:30,2155,2269,All Island
647,7 November 2019 17:45,2169,2311,All Island
648,7 November 2019 18:00,1989,2332,All Island
649,7 November 2019 18:15,1983,2330,All Island
650,7 November 2019 18:30,1976,2326,All Island
651,7 November 2019 18:45,1970,2277,All Island
652,7 November 2019 19:00,1979,2331,All Island
653,7 November 2019 19:15,2005,2337,All Island
654,7 November 2019 19:30,2030,2273,All Island
655,7 November 2019 19:45,2055,2187,All Island
656,7 November 2019 20:00,2067,2162,All Island
657,7 November 2019 20:15,2067,2034,All Island
658,7 November 2019 20:30,2066,1999,All Island
659,7 November 2019 20:45,2065,1884,All Island
660,7 November 2019 21:00,2047,1814,All Island
661,7 November 2019 21:15,2014,1845,All Island
662,7 November 2019 21:30,1981,1830,All Island
663,7 November 2019 21:45,1947,1842,All Island
664,7 November 2019 22:00,1891,1790,All Island
665,7 November 2019 22:15,1835,1784,All Island
666,7 November 2019 22:30,1779,1698,All Island
667,7 November 2019 22:45,1732,1627,All Island
668,7 November 2019 23:00,1677,1582,All Island
669,7 November 2019 23:15,1624,1589,All Island
670,7 November 2019 23:30,1572,1536,All Island
671,7 November 2019 23:45,1519,1534,All Island
672,8 November 2019 00:00,1256,1467,All Island
673,8 November 2019 00:15,1192,1464,All Island
674,8 November 2019 00:30,1129,1386,All Island
675,8 November 2019 00:45,1065,1308,All Island
676,8 November 2019 01:00,1019,1254,All Island
677,8 November 2019 01:15,991,1251,All Island
678,8 November 2019 01:30,962,1169,All Island
679,8 November 2019 01:45,934,1125,All Island
680,8 November 2019 02:00,905,1043,All Island
681,8 November 2019 02:15,876,961,All Island
682,8 November 2019 02:30,846,928,All Island
683,8 November 2019 02:45,817,888,All Island
684,8 November 2019 03:00,791,847,All Island
685,8 November 2019 03:15,766,810,All Island
686,8 November 2019 03:30,741,756,All Island
687,8 November 2019 03:45,717,705,All Island
688,8 November 2019 04:00,691,659,All Island
689,8 November 2019 04:15,664,672,All Island
690,8 November 2019 04:30,636,671,All Island
691,8 November 2019 04:45,609,628,All Island
692,8 November 2019 05:00,585,588,All Island
693,8 November 2019 05:15,564,558,All Island
694,8 November 2019 05:30,543,523,All Island
695,8 November 2019 05:45,522,476,All Island
696,8 November 2019 06:00,369,445,All Island
697,8 November 2019 06:15,338,403,All Island
698,8 November 2019 06:30,308,372,All Island
699,8 November 2019 06:45,278,324,All Island
700,8 November 2019 07:00,256,292,All Island
701,8 November 2019 07:15,241,278,All Island
702,8 November 2019 07:30,227,275,All Island
703,8 November 2019 07:45,213,266,All Island
704,8 November 2019 08:00,203,273,All Island
705,8 November 2019 08:15,198,268,All Island
706,8 November 2019 08:30,193,244,All Island
707,8 November 2019 08:45,187,218,All Island
708,8 November 2019 09:00,180,192,All Island
709,8 November 2019 09:15,171,175,All Island
710,8 November 2019 09:30,163,142,All Island
711,8 November 2019 09:45,154,113,All Island
712,8 November 2019 10:00,145,102,All Island
713,8 November 2019 10:15,137,95,All Island
714,8 November 2019 10:30,128,80,All Island
715,8 November 2019 10:45,120,66,All Island
716,8 November 2019 11:00,112,53,All Island
717,8 November 2019 11:15,104,42,All Island
718,8 November 2019 11:30,96,41,All Island
719,8 November 2019 11:45,88,40,All Island
720,8 November 2019 12:00,87,44,All Island
721,8 November 2019 12:15,87,43,All Island
722,8 November 2019 12:30,87,36,All Island
723,8 November 2019 12:45,88,35,All Island
724,8 November 2019 13:00,88,31,All Island
725,8 November 2019 13:15,87,29,All Island
726,8 November 2019 13:30,87,32,All Island
727,8 November 2019 13:45,87,31,All Island
728,8 November 2019 14:00,91,34,All Island
729,8 November 2019 14:15,100,31,All Island
730,8 November 2019 14:30,110,43,All Island
731,8 November 2019 14:45,119,48,All Island
732,8 November 2019 15:00,129,58,All Island
733,8 November 2019 15:15,139,73,All Island
734,8 November 2019 15:30,149,97,All Island
735,8 November 2019 15:45,160,119,All Island
736,8 November 2019 16:00,172,137,All Island
737,8 November 2019 16:15,185,183,All Island
738,8 November 2019 16:30,198,185,All Island
739,8 November 2019 16:45,211,218,All Island
740,8 November 2019 17:00,230,250,All Island
741,8 November 2019 17:15,253,299,All Island
742,8 November 2019 17:30,275,313,All Island
743,8 November 2019 17:45,297,339,All Island
744,8 November 2019 18:00,365,396,All Island
745,8 November 2019 18:15,418,471,All Island
746,8 November 2019 18:30,470,560,All Island
747,8 November 2019 18:45,522,637,All Island
748,8 November 2019 19:00,579,763,All Island
749,8 November 2019 19:15,646,873,All Island
750,8 November 2019 19:30,714,1016,All Island
751,8 November 2019 19:45,787,1160,All Island
752,8 November 2019 20:00,845,1245,All Island
753,8 November 2019 20:15,891,1255,All Island
754,8 November 2019 20:30,937,1294,All Island
755,8 November 2019 20:45,984,1357,All Island
756,8 November 2019 21:00,1054,1386,All Island
757,8 November 2019 21:15,1149,1514,All Island
758,8 November 2019 21:30,1244,1590,All Island
759,8 November 2019 21:45,1339,1704,All Island
760,8 November 2019 22:00,1441,1745,All Island
761,8 November 2019 22:15,1550,1874,All Island
762,8 November 2019 22:30,1659,2059,All Island
763,8 November 2019 22:45,1768,2182,All Island
764,8 November 2019 23:00,1849,2361,All Island
765,8 November 2019 23:15,1932,2493,All Island
766,8 November 2019 23:30,2016,2606,All Island
767,8 November 2019 23:45,2117,2731,All Island
768,9 November 2019 00:00,2127,2789,All Island
769,9 November 2019 00:15,2193,2799,All Island
770,9 November 2019 00:30,2260,2808,All Island
771,9 November 2019 00:45,2344,2823,All Island
772,9 November 2019 01:00,2362,2873,All Island
773,9 November 2019 01:15,2334,2752,All Island
774,9 November 2019 01:30,2305,2603,All Island
775,9 November 2019 01:45,2277,2486,All Island
776,9 November 2019 02:00,2291,2436,All Island
777,9 November 2019 02:15,2348,2457,All Island
778,9 November 2019 02:30,2406,2399,All Island
779,9 November 2019 02:45,2463,2427,All Island
780,9 November 2019 03:00,2460,2440,All Island
781,9 November 2019 03:15,2433,2468,All Island
782,9 November 2019 03:30,2406,2314,All Island
783,9 November 2019 03:45,2397,2220,All Island
784,9 November 2019 04:00,2347,2274,All Island
785,9 November 2019 04:15,2274,2402,All Island
786,9 November 2019 04:30,2201,2322,All Island
787,9 November 2019 04:45,2128,2261,All Island
788,9 November 2019 05:00,2079,2343,All Island
789,9 November 2019 05:15,2056,2305,All Island
790,9 November 2019 05:30,2032,2314,All Island
791,9 November 2019 05:45,2009,2224,All Island
792,9 November 2019 06:00,2254,2229,All Island
793,9 November 2019 06:15,2219,2197,All Island
794,9 November 2019 06:30,2184,2196,All Island
795,9 November 2019 06:45,2150,2209,All Island
796,9 November 2019 07:00,2151,2268,All Island
797,9 November 2019 07:15,2188,2213,All Island
798,9 November 2019 07:30,2225,2251,All Island
799,9 November 2019 07:45,2262,2225,All Island
800,9 November 2019 08:00,2296,2232,All Island
801,9 November 2019 08:15,2327,2139,All Island
802,9 November 2019 08:30,2358,2227,All Island
803,9 November 2019 08:45,2390,2385,All Island
804,9 November 2019 09:00,2420,2417,All Island
805,9 November 2019 09:15,2450,2560,All Island
806,9 November 2019 09:30,2479,2636,All Island
807,9 November 2019 09:45,2509,2712,All Island
808,9 November 2019 10:00,2532,2669,All Island
809,9 November 2019 10:15,2549,2633,All Island
810,9 November 2019 10:30,2566,2657,All Island
811,9 November 2019 10:45,2583,2648,All Island
812,9 November 2019 11:00,2589,2728,All Island
813,9 November 2019 11:15,2583,2748,All Island
814,9 November 2019 11:30,2577,2703,All Island
815,9 November 2019 11:45,2571,2691,All Island
816,9 November 2019 12:00,2743,2651,All Island
817,9 November 2019 12:15,2732,2648,All Island
818,9 November 2019 12:30,2720,2649,All Island
819,9 November 2019 12:45,2709,2686,All Island
820,9 November 2019 13:00,2710,2629,All Island
821,9 November 2019 13:15,2723,2767,All Island
822,9 November 2019 13:30,2737,2761,All Island
823,9 November 2019 13:45,2750,2676,All Island
824,9 November 2019 14:00,2741,2609,All Island
825,9 November 2019 14:15,2712,2557,All Island
826,9 November 2019 14:30,2682,2444,All Island
827,9 November 2019 14:45,2652,2473,All Island
828,9 November 2019 15:00,2618,2328,All Island
829,9 November 2019 15:15,2581,2306,All Island
830,9 November 2019 15:30,2544,2270,All Island
831,9 November 2019 15:45,2507,2182,All Island
832,9 November 2019 16:00,2437,2237,All Island
833,9 November 2019 16:15,2374,2219,All Island
834,9 November 2019 16:30,2311,2093,All Island
835,9 November 2019 16:45,2266,2047,All Island
836,9 November 2019 17:00,2204,1979,All Island
837,9 November 2019 17:15,2143,1899,All Island
838,9 November 2019 17:30,2083,1789,All Island
839,9 November 2019 17:45,2022,1799,All Island
840,9 November 2019 18:00,1812,1795,All Island
841,9 November 2019 18:15,1781,1840,All Island
842,9 November 2019 18:30,1751,1822,All Island
843,9 November 2019 18:45,1721,1732,All Island
844,9 November 2019 19:00,1710,1811,All Island
845,9 November 2019 19:15,1719,1773,All Island
846,9 November 2019 19:30,1728,1663,All Island
847,9 November 2019 19:45,1738,1605,All Island
848,9 November 2019 20:00,1718,1571,All Island
849,9 November 2019 20:15,1702,1576,All Island
850,9 November 2019 20:30,1686,1618,All Island
851,9 November 2019 20:45,1687,1515,All Island
852,9 November 2019 21:00,1670,1528,All Island
853,9 November 2019 21:15,1653,1447,All Island
854,9 November 2019 21:30,1636,1408,All Island
855,9 November 2019 21:45,1619,1389,All Island
856,9 November 2019 22:00,1596,1368,All Island
857,9 November 2019 22:15,1566,1313,All Island
858,9 November 2019 22:30,1536,1249,All Island
859,9 November 2019 22:45,1505,1155,All Island
860,9 November 2019 23:00,1469,1108,All Island
861,9 November 2019 23:15,1425,1106,All Island
862,9 November 2019 23:30,1381,1059,All Island
863,9 November 2019 23:45,1338,1064,All Island
864,10 November 2019 00:00,976,991,All Island
865,10 November 2019 00:15,935,916,All Island
866,10 November 2019 00:30,894,922,All Island
867,10 November 2019 00:45,853,916,All Island
868,10 November 2019 01:00,819,865,All Island
869,10 November 2019 01:15,813,764,All Island
870,10 November 2019 01:30,808,718,All Island
871,10 November 2019 01:45,802,669,All Island
872,10 November 2019 02:00,776,641,All Island
873,10 November 2019 02:15,730,636,All Island
874,10 November 2019 02:30,684,604,All Island
875,10 November 2019 02:45,645,579,All Island
876,10 November 2019 03:00,600,537,All Island
877,10 November 2019 03:15,557,485,All Island
878,10 November 2019 03:30,514,461,All Island
879,10 November 2019 03:45,471,438,All Island
880,10 November 2019 04:00,434,425,All Island
881,10 November 2019 04:15,402,361,All Island
882,10 November 2019 04:30,371,346,All Island
883,10 November 2019 04:45,339,311,All Island
884,10 November 2019 05:00,311,296,All Island
885,10 November 2019 05:15,288,292,All Island
886,10 November 2019 05:30,264,270,All Island
887,10 November 2019 05:45,240,269,All Island
888,10 November 2019 06:00,152,276,All Island
889,10 November 2019 06:15,146,260,All Island
890,10 November 2019 06:30,140,264,All Island
891,10 November 2019 06:45,134,276,All Island
892,10 November 2019 07:00,130,293,All Island
893,10 November 2019 07:15,128,312,All Island
894,10 November 2019 07:30,127,310,All Island
895,10 November 2019 07:45,125,323,All Island
896,10 November 2019 08:00,126,357,All Island
897,10 November 2019 08:15,130,374,All Island
898,10 November 2019 08:30,134,377,All Island
899,10 November 2019 08:45,138,356,All Island
900,10 November 2019 09:00,148,360,All Island
901,10 November 2019 09:15,167,364,All Island
902,10 November 2019 09:30,186,401,All Island
903,10 November 2019 09:45,206,411,All Island
904,10 November 2019 10:00,240,415,All Island
905,10 November 2019 10:15,288,408,All Island
906,10 November 2019 10:30,336,433,All Island
907,10 November 2019 10:45,384,466,All Island
908,10 November 2019 11:00,426,483,All Island
909,10 November 2019 11:15,461,514,All Island
910,10 November 2019 11:30,496,548,All Island
911,10 November 2019 11:45,531,588,All Island
912,10 November 2019 12:00,618,586,All Island
913,10 November 2019 12:15,677,703,All Island
914,10 November 2019 12:30,735,815,All Island
915,10 November 2019 12:45,794,878,All Island
916,10 November 2019 13:00,875,1027,All Island
917,10 November 2019 13:15,995,1151,All Island
918,10 November 2019 13:30,1116,1313,All Island
919,10 November 2019 13:45,1250,1507,All Island
920,10 November 2019 14:00,1371,1710,All Island
921,10 November 2019 14:15,1491,1905,All Island
922,10 November 2019 14:30,1612,2122,All Island
923,10 November 2019 14:45,1732,2294,All Island
924,10 November 2019 15:00,1834,2512,All Island
925,10 November 2019 15:15,1917,2661,All Island
926,10 November 2019 15:30,2000,2740,All Island
927,10 November 2019 15:45,2084,2846,All Island
928,10 November 2019 16:00,2195,2874,All Island
929,10 November 2019 16:15,2335,2758,All Island
930,10 November 2019 16:30,2475,2632,All Island
931,10 November 2019 16:45,2614,2662,All Island
932,10 November 2019 17:00,2703,2818,All Island
933,10 November 2019 17:15,2778,3057,All Island
934,10 November 2019 17:30,2854,3239,All Island
935,10 November 2019 17:45,2949,3329,All Island
936,10 November 2019 18:00,3110,3400,All Island
937,10 November 2019 18:15,3195,3502,All Island
938,10 November 2019 18:30,3280,3456,All Island
939,10 November 2019 18:45,3365,3436,All Island
940,10 November 2019 19:00,3431,3458,All Island
941,10 November 2019 19:15,3479,3507,All Island
942,10 November 2019 19:30,3527,3469,All Island
943,10 November 2019 19:45,3575,3383,All Island
944,10 November 2019 20:00,3609,3287,All Island
945,10 November 2019 20:15,3630,3410,All Island
946,10 November 2019 20:30,3650,3510,All Island
947,10 November 2019 20:45,3670,3448,All Island
948,10 November 2019 21:00,3642,3360,All Island
949,10 November 2019 21:15,3606,3305,All Island
950,10 November 2019 21:30,3570,3209,All Island
951,10 November 2019 21:45,3556,3113,All Island
952,10 November 2019 22:00,3548,3068,All Island
953,10 November 2019 22:15,3568,3036,All Island
954,10 November 2019 22:30,3589,2964,All Island
955,10 November 2019 22:45,3609,2869,All Island
956,10 November 2019 23:00,3601,2752,All Island
957,10 November 2019 23:15,3606,2758,All Island
958,10 November 2019 23:30,3611,2701,All Island
959,10 November 2019 23:45,3637,2569,All Island
960,11 November 2019 00:00,3606,2521,All Island
961,11 November 2019 00:15,3620,2486,All Island
962,11 November 2019 00:30,3633,2429,All Island
963,11 November 2019 00:45,3647,2480,All Island
964,11 November 2019 01:00,3663,2535,All Island
965,11 November 2019 01:15,3682,2472,All Island
966,11 November 2019 01:30,3702,2464,All Island
967,11 November 2019 01:45,3721,2461,All Island
968,11 November 2019 02:00,3730,2379,All Island
969,11 November 2019 02:15,3730,2353,All Island
970,11 November 2019 02:30,3730,2337,All Island
971,11 November 2019 02:45,3729,2299,All Island
972,11 November 2019 03:00,3723,2268,All Island
973,11 November 2019 03:15,3710,2285,All Island
974,11 November 2019 03:30,3697,2278,All Island
975,11 November 2019 03:45,3685,2311,All Island
976,11 November 2019 04:00,3670,2315,All Island
977,11 November 2019 04:15,3655,2342,All Island
978,11 November 2019 04:30,3639,2322,All Island
979,11 November 2019 04:45,3624,2321,All Island
980,11 November 2019 05:00,3601,2325,All Island
981,11 November 2019 05:15,3572,2370,All Island
982,11 November 2019 05:30,3543,2383,All Island
983,11 November 2019 05:45,3514,2512,All Island
984,11 November 2019 06:00,3504,2600,All Island
985,11 November 2019 06:15,3477,2740,All Island
986,11 November 2019 06:30,3451,2703,All Island
987,11 November 2019 06:45,3424,2790,All Island
988,11 November 2019 07:00,3410,2991,All Island
989,11 November 2019 07:15,3409,3107,All Island
990,11 November 2019 07:30,3408,3112,All Island
991,11 November 2019 07:45,3407,3163,All Island
992,11 November 2019 08:00,3405,3152,All Island
993,11 November 2019 08:15,3400,3167,All Island
994,11 November 2019 08:30,3395,2974,All Island
995,11 November 2019 08:45,3389,2999,All Island
996,11 November 2019 09:00,3392,3020,All Island
997,11 November 2019 09:15,3402,2961,All Island
998,11 November 2019 09:30,3412,3050,All Island
999,11 November 2019 09:45,3422,3024,All Island
1000,11 November 2019 10:00,3428,2967,All Island
1001,11 November 2019 10:15,3423,2924,All Island
1002,11 November 2019 10:30,3418,3041,All Island
1003,11 November 2019 10:45,3413,3007,All Island
1004,11 November 2019 11:00,3420,3081,All Island
1005,11 November 2019 11:15,3439,3082,All Island
1006,11 November 2019 11:30,3457,3111,All Island
1007,11 November 2019 11:45,3476,3113,All Island
1008,11 November 2019 12:00,3503,2994,All Island
1009,11 November 2019 12:15,3502,3126,All Island
1010,11 November 2019 12:30,3501,3049,All Island
1011,11 November 2019 12:45,3500,3054,All Island
1012,11 November 2019 13:00,3518,3048,All Island
1013,11 November 2019 13:15,3555,3096,All Island
1014,11 November 2019 13:30,3592,3108,All Island
1015,11 November 2019 13:45,3629,3043,All Island
1016,11 November 2019 14:00,3648,3105,All Island
1017,11 November 2019 14:15,3651,3173,All Island
1018,11 November 2019 14:30,3654,3182,All Island
1019,11 November 2019 14:45,3656,3148,All Island
1020,11 November 2019 15:00,3662,3220,All Island
1021,11 November 2019 15:15,3672,3199,All Island
1022,11 November 2019 15:30,3682,3263,All Island
1023,11 November 2019 15:45,3691,3029,All Island
1024,11 November 2019 16:00,3694,2944,All Island
1025,11 November 2019 16:15,3690,3038,All Island
1026,11 November 2019 16:30,3686,3099,All Island
1027,11 November 2019 16:45,3682,3066,All Island
1028,11 November 2019 17:00,3675,3252,All Island
1029,11 November 2019 17:15,3666,3201,All Island
1030,11 November 2019 17:30,3656,3195,All Island
1031,11 November 2019 17:45,3646,3290,All Island
1032,11 November 2019 18:00,3349,3360,All Island
1033,11 November 2019 18:15,3316,3325,All Island
1034,11 November 2019 18:30,3282,3245,All Island
1035,11 November 2019 18:45,3249,3262,All Island
1036,11 November 2019 19:00,3217,3258,All Island
1037,11 November 2019 19:15,3230,3138,All Island
1038,11 November 2019 19:30,3242,3228,All Island
1039,11 November 2019 19:45,3276,3212,All Island
1040,11 November 2019 20:00,3290,3179,All Island
1041,11 November 2019 20:15,3304,3212,All Island
1042,11 November 2019 20:30,3319,3250,All Island
1043,11 November 2019 20:45,3334,3167,All Island
1044,11 November 2019 21:00,3357,3169,All Island
1045,11 November 2019 21:15,3390,3241,All Island
1046,11 November 2019 21:30,3422,3310,All Island
1047,11 November 2019 21:45,3455,3175,All Island
1048,11 November 2019 22:00,3471,3253,All Island
1049,11 November 2019 22:15,3472,3165,All Island
1050,11 November 2019 22:30,3473,3146,All Island
1051,11 November 2019 22:45,3474,3056,All Island
1052,11 November 2019 23:00,3452,2985,All Island
1053,11 November 2019 23:15,3451,3002,All Island
1054,11 November 2019 23:30,3450,2919,All Island
1055,11 November 2019 23:45,3471,2835,All Island
1056,12 November 2019 00:00,3375,2765,All Island
1057,12 November 2019 00:15,3352,2746,All Island
1058,12 November 2019 00:30,3329,2756,All Island
1059,12 November 2019 00:45,3327,2734,All Island
1060,12 November 2019 01:00,3327,2728,All Island
1061,12 November 2019 01:15,3351,2729,All Island
1062,12 November 2019 01:30,3375,2742,All Island
1063,12 November 2019 01:45,3399,2683,All Island
1064,12 November 2019 02:00,3420,2707,All Island
1065,12 November 2019 02:15,3437,2699,All Island
1066,12 November 2019 02:30,3454,2674,All Island
1067,12 November 2019 02:45,3471,2671,All Island
1068,12 November 2019 03:00,3470,2639,All Island
1069,12 November 2019 03:15,3493,2562,All Island
1070,12 November 2019 03:30,3516,2548,All Island
1071,12 November 2019 03:45,3561,2546,All Island
1072,12 November 2019 04:00,3573,2533,All Island
1073,12 November 2019 04:15,3572,2514,All Island
1074,12 November 2019 04:30,3572,2534,All Island
1075,12 November 2019 04:45,3571,2551,All Island
1076,12 November 2019 05:00,3565,2533,All Island
1077,12 November 2019 05:15,3555,2589,All Island
1078,12 November 2019 05:30,3545,2625,All Island
1079,12 November 2019 05:45,3534,2664,All Island
1080,12 November 2019 06:00,3621,2767,All Island
1081,12 November 2019 06:15,3584,2882,All Island
1082,12 November 2019 06:30,3547,2881,All Island
1083,12 November 2019 06:45,3510,3112,All Island
1084,12 November 2019 07:00,3487,3229,All Island
1085,12 November 2019 07:15,3477,3419,All Island
1086,12 November 2019 07:30,3467,3426,All Island
1087,12 November 2019 07:45,3457,3457,All Island
1088,12 November 2019 08:00,3436,3239,All Island
1089,12 November 2019 08:15,3404,3098,All Island
1090,12 November 2019 08:30,3371,3208,All Island
1091,12 November 2019 08:45,3339,3249,All Island
1092,12 November 2019 09:00,3305,3234,All Island
1093,12 November 2019 09:15,3270,3135,All Island
1094,12 November 2019 09:30,3235,3069,All Island
1095,12 November 2019 09:45,3201,3092,All Island
1096,12 November 2019 10:00,3167,3117,All Island
1097,12 November 2019 10:15,3134,3070,All Island
1098,12 November 2019 10:30,3102,2993,All Island
1099,12 November 2019 10:45,3069,2977,All Island
1100,12 November 2019 11:00,3033,2936,All Island
1101,12 November 2019 11:15,2993,2858,All Island
1102,12 November 2019 11:30,2952,2882,All Island
1103,12 November 2019 11:45,2912,2857,All Island
1104,12 November 2019 12:00,2876,2820,All Island
1105,12 November 2019 12:15,2800,2944,All Island
1106,12 November 2019 12:30,2723,2862,All Island
1107,12 November 2019 12:45,2647,2870,All Island
1108,12 November 2019 13:00,2591,2899,All Island
1109,12 November 2019 13:15,2555,2795,All Island
1110,12 November 2019 13:30,2518,2653,All Island
1111,12 November 2019 13:45,2482,2696,All Island
1112,12 November 2019 14:00,2437,2569,All Island
1113,12 November 2019 14:15,2385,2538,All Island
1114,12 November 2019 14:30,2332,2437,All Island
1115,12 November 2019 14:45,2279,2343,All Island
1116,12 November 2019 15:00,2239,2294,All Island
1117,12 November 2019 15:15,2211,2221,All Island
1118,12 November 2019 15:30,2184,2098,All Island
1119,12 November 2019 15:45,2156,1993,All Island
1120,12 November 2019 16:00,2111,1966,All Island
1121,12 November 2019 16:15,2050,1891,All Island
1122,12 November 2019 16:30,1988,1974,All Island
1123,12 November 2019 16:45,1926,1770,All Island
1124,12 November 2019 17:00,1875,1748,All Island
1125,12 November 2019 17:15,1837,1625,All Island
1126,12 November 2019 17:30,1798,1582,All Island
1127,12 November 2019 17:45,1759,1475,All Island
1128,12 November 2019 18:00,1688,1396,All Island
1129,12 November 2019 18:15,1632,1296,All Island
1130,12 November 2019 18:30,1577,1249,All Island
1131,12 November 2019 18:45,1521,1224,All Island
1132,12 November 2019 19:00,1487,1251,All Island
1133,12 November 2019 19:15,1475,1226,All Island
1134,12 November 2019 19:30,1462,1331,All Island
1135,12 November 2019 19:45,1450,1334,All Island
1136,12 November 2019 20:00,1414,1395,All Island
1137,12 November 2019 20:15,1375,1394,All Island
1138,12 November 2019 20:30,1336,1298,All Island
1139,12 November 2019 20:45,1305,1279,All Island
1140,12 November 2019 21:00,1252,1257,All Island
1141,12 November 2019 21:15,1186,1225,All Island
1142,12 November 2019 21:30,1119,1287,All Island
1143,12 November 2019 21:45,1053,1150,All Island
1144,12 November 2019 22:00,994,1096,All Island
1145,12 November 2019 22:15,943,1040,All Island
1146,12 November 2019 22:30,893,958,All Island
1147,12 November 2019 22:45,842,864,All Island
1148,12 November 2019 23:00,805,871,All Island
1149,12 November 2019 23:15,782,840,All Island
1150,12 November 2019 23:30,758,879,All Island
1151,12 November 2019 23:45,735,814,All Island
1152,13 November 2019 00:00,745,810,All Island
1153,13 November 2019 00:15,753,802,All Island
1154,13 November 2019 00:30,761,818,All Island
1155,13 November 2019 00:45,769,833,All Island
1156,13 November 2019 01:00,764,739,All Island
1157,13 November 2019 01:15,763,749,All Island
1158,13 November 2019 01:30,762,755,All Island
1159,13 November 2019 01:45,761,779,All Island
1160,13 November 2019 02:00,762,730,All Island
1161,13 November 2019 02:15,764,721,All Island
1162,13 November 2019 02:30,766,799,All Island
1163,13 November 2019 02:45,778,799,All Island
1164,13 November 2019 03:00,773,806,All Island
1165,13 November 2019 03:15,762,841,All Island
1166,13 November 2019 03:30,751,816,All Island
1167,13 November 2019 03:45,740,838,All Island
1168,13 November 2019 04:00,737,890,All Island
1169,13 November 2019 04:15,742,897,All Island
1170,13 November 2019 04:30,747,864,All Island
1171,13 November 2019 04:45,752,910,All Island
1172,13 November 2019 05:00,772,907,All Island
1173,13 November 2019 05:15,805,970,All Island
1174,13 November 2019 05:30,839,842,All Island
1175,13 November 2019 05:45,873,869,All Island
1176,13 November 2019 06:00,915,875,All Island
1177,13 November 2019 06:15,961,873,All Island
1178,13 November 2019 06:30,1007,923,All Island
1179,13 November 2019 06:45,1053,916,All Island
1180,13 November 2019 07:00,1085,945,All Island
1181,13 November 2019 07:15,1104,1017,All Island
1182,13 November 2019 07:30,1123,1122,All Island
1183,13 November 2019 07:45,1142,1148,All Island
1184,13 November 2019 08:00,1166,1241,All Island
1185,13 November 2019 08:15,1197,1271,All Island
1186,13 November 2019 08:30,1227,1395,All Island
1187,13 November 2019 08:45,1258,1544,All Island
1188,13 November 2019 09:00,1285,1557,All Island
1189,13 November 2019 09:15,1310,1396,All Island
1190,13 November 2019 09:30,1335,1280,All Island
1191,13 November 2019 09:45,1360,1118,All Island
1192,13 November 2019 10:00,1405,1114,All Island
1193,13 November 2019 10:15,1470,1058,All Island
1194,13 November 2019 10:30,1536,1043,All Island
1195,13 November 2019 10:45,1601,1245,All Island
1196,13 November 2019 11:00,1641,1275,All Island
1197,13 November 2019 11:15,1655,1339,All Island
1198,13 November 2019 11:30,1670,1265,All Island
1199,13 November 2019 11:45,1685,1319,All Island
1200,13 November 2019 12:00,1742,1470,All Island
1201,13 November 2019 12:15,1741,1594,All Island
1202,13 November 2019 12:30,1739,1689,All Island
1203,13 November 2019 12:45,1738,1524,All Island
1204,13 November 2019 13:00,1743,1530,All Island
1205,13 November 2019 13:15,1755,1619,All Island
1206,13 November 2019 13:30,1767,1720,All Island
1207,13 November 2019 13:45,1778,1705,All Island
1208,13 November 2019 14:00,1786,1669,All Island
1209,13 November 2019 14:15,1790,1712,All Island
1210,13 November 2019 14:30,1795,1720,All Island
1211,13 November 2019 14:45,1799,1753,All Island
1212,13 November 2019 15:00,1805,1753,All Island
1213,13 November 2019 15:15,1815,1699,All Island
1214,13 November 2019 15:30,1825,1668,All Island
1215,13 November 2019 15:45,1834,1724,All Island
1216,13 November 2019 16:00,1844,1728,All Island
1217,13 November 2019 16:15,1853,1725,All Island
1218,13 November 2019 16:30,1861,1828,All Island
1219,13 November 2019 16:45,1870,1958,All Island
1220,13 November 2019 17:00,1883,1998,All Island
1221,13 November 2019 17:15,1900,2093,All Island
1222,13 November 2019 17:30,1916,2094,All Island
1223,13 November 2019 17:45,1933,2174,All Island
1224,13 November 2019 18:00,2151,2236,All Island
1225,13 November 2019 18:15,2200,2270,All Island
1226,13 November 2019 18:30,2250,2273,All Island
1227,13 November 2019 18:45,2299,2347,All Island
1228,13 November 2019 19:00,2345,2290,All Island
1229,13 November 2019 19:15,2388,2354,All Island
1230,13 November 2019 19:30,2430,2433,All Island
1231,13 November 2019 19:45,2473,2449,All Island
1232,13 November 2019 20:00,2503,2488,All Island
1233,13 November 2019 20:15,2522,2545,All Island
1234,13 November 2019 20:30,2540,2569,All Island
1235,13 November 2019 20:45,2558,2539,All Island
1236,13 November 2019 21:00,2539,2452,All Island
1237,13 November 2019 21:15,2518,2445,All Island
1238,13 November 2019 21:30,2498,2420,All Island
1239,13 November 2019 21:45,2492,2401,All Island
1240,13 November 2019 22:00,2473,2312,All Island
1241,13 November 2019 22:15,2456,2350,All Island
1242,13 November 2019 22:30,2439,2369,All Island
1243,13 November 2019 22:45,2422,2459,All Island
1244,13 November 2019 23:00,2438,2648,All Island
1245,13 November 2019 23:15,2514,2714,All Island
1246,13 November 2019 23:30,2590,2784,All Island
1247,13 November 2019 23:45,2685,2881,All Island
1248,14 November 2019 00:00,2700,2865,All Island
1249,14 November 2019 00:15,2756,2837,All Island
1250,14 November 2019 00:30,2812,2819,All Island
1251,14 November 2019 00:45,2891,2792,All Island
1252,14 November 2019 01:00,2943,2830,All Island
1253,14 November 2019 01:15,2992,2881,All Island
1254,14 November 2019 01:30,3041,2918,All Island
1255,14 November 2019 01:45,3090,2895,All Island
1256,14 November 2019 02:00,3115,2826,All Island
1257,14 November 2019 02:15,3116,2779,All Island
1258,14 November 2019 02:30,3116,2749,All Island
1259,14 November 2019 02:45,3117,2759,All Island
1260,14 November 2019 03:00,3091,2741,All Island
1261,14 November 2019 03:15,3086,2717,All Island
1262,14 November 2019 03:30,3081,2660,All Island
1263,14 November 2019 03:45,3099,2646,All Island
1264,14 November 2019 04:00,3093,2658,All Island
1265,14 November 2019 04:15,3087,2629,All Island
1266,14 November 2019 04:30,3081,2615,All Island
1267,14 November 2019 04:45,3075,2604,All Island
1268,14 November 2019 05:00,3068,2590,All Island
1269,14 November 2019 05:15,3061,2643,All Island
1270,14 November 2019 05:30,3053,2632,All Island
1271,14 November 2019 05:45,3046,2677,All Island
1272,14 November 2019 06:00,2773,2729,All Island
1273,14 November 2019 06:15,2734,2794,All Island
1274,14 November 2019 06:30,2696,2812,All Island
1275,14 November 2019 06:45,2657,2820,All Island
1276,14 November 2019 07:00,2632,2828,All Island
1277,14 November 2019 07:15,2621,2783,All Island
1278,14 November 2019 07:30,2610,2750,All Island
1279,14 November 2019 07:45,2599,2855,All Island
1280,14 November 2019 08:00,2601,2850,All Island
1281,14 November 2019 08:15,2616,2802,All Island
1282,14 November 2019 08:30,2631,2768,All Island
1283,14 November 2019 08:45,2646,2762,All Island
1284,14 November 2019 09:00,2669,2738,All Island
1285,14 November 2019 09:15,2701,2722,All Island
1286,14 November 2019 09:30,2732,2664,All Island
1287,14 November 2019 09:45,2763,2692,All Island
1288,14 November 2019 10:00,2801,2729,All Island
1289,14 November 2019 10:15,2846,2727,All Island
1290,14 November 2019 10:30,2891,2747,All Island
1291,14 November 2019 10:45,2936,2750,All Island
1292,14 November 2019 11:00,2982,2741,All Island
1293,14 November 2019 11:15,3028,2842,All Island
1294,14 November 2019 11:30,3073,2983,All Island
1295,14 November 2019 11:45,3119,2940,All Island
1296,14 November 2019 12:00,2938,3078,All Island
1297,14 November 2019 12:15,2939,3144,All Island
1298,14 November 2019 12:30,2941,3156,All Island
1299,14 November 2019 12:45,2942,3220,All Island
1300,14 November 2019 13:00,2945,3228,All Island
1301,14 November 2019 13:15,2950,3254,All Island
1302,14 November 2019 13:30,2955,3193,All Island
1303,14 November 2019 13:45,2960,3166,All Island
1304,14 November 2019 14:00,2960,3148,All Island
1305,14 November 2019 14:15,2952,3135,All Island
1306,14 November 2019 14:30,2945,3079,All Island
1307,14 November 2019 14:45,2938,3059,All Island
1308,14 November 2019 15:00,2935,3125,All Island
1309,14 November 2019 15:15,2936,3026,All Island
1310,14 November 2019 15:30,2938,2918,All Island
1311,14 November 2019 15:45,2939,2799,All Island
1312,14 November 2019 16:00,2935,2863,All Island
1313,14 November 2019 16:15,2925,2895,All Island
1314,14 November 2019 16:30,2915,2909,All Island
1315,14 November 2019 16:45,2905,2748,All Island
1316,14 November 2019 17:00,2908,2781,All Island
1317,14 November 2019 17:15,2926,2791,All Island
1318,14 November 2019 17:30,2943,2788,All Island
1319,14 November 2019 17:45,2961,2816,All Island
1320,14 November 2019 18:00,2787,2864,All Island
1321,14 November 2019 18:15,2784,2921,All Island
1322,14 November 2019 18:30,2780,2831,All Island
1323,14 November 2019 18:45,2776,2856,All Island
1324,14 November 2019 19:00,2784,2913,All Island
1325,14 November 2019 19:15,2802,2811,All Island
1326,14 November 2019 19:30,2821,2802,All Island
1327,14 November 2019 19:45,2840,2762,All Island
1328,14 November 2019 20:00,2851,2752,All Island
1329,14 November 2019 20:15,2854,2768,All Island
1330,14 November 2019 20:30,2857,2773,All Island
1331,14 November 2019 20:45,2860,2807,All Island
1332,14 November 2019 21:00,2856,2784,All Island
1333,14 November 2019 21:15,2844,2791,All Island
1334,14 November 2019 21:30,2832,2867,All Island
1335,14 November 2019 21:45,2819,2753,All Island
1336,14 November 2019 22:00,2791,2685,All Island
1337,14 November 2019 22:15,2784,2638,All Island
1338,14 November 2019 22:30,2777,2587,All Island
1339,14 November 2019 22:45,2788,2653,All Island
1340,14 November 2019 23:00,2785,2729,All Island
1341,14 November 2019 23:15,2787,2717,All Island
1342,14 November 2019 23:30,2788,2733,All Island
1343,14 November 2019 23:45,2789,2686,All Island
1344,15 November 2019 00:00,2641,2738,All Island
1345,15 November 2019 00:15,2591,2775,All Island
1346,15 November 2019 00:30,2541,2766,All Island
1347,15 November 2019 00:45,2492,2762,All Island
1348,15 November 2019 01:00,2457,2805,All Island
1349,15 November 2019 01:15,2471,2808,All Island
1350,15 November 2019 01:30,2485,2783,All Island
1351,15 November 2019 01:45,2498,2694,All Island
1352,15 November 2019 02:00,2505,2609,All Island
1353,15 November 2019 02:15,2504,2562,All Island
1354,15 November 2019 02:30,2504,2533,All Island
1355,15 November 2019 02:45,2519,2535,All Island
1356,15 November 2019 03:00,2518,2525,All Island
1357,15 November 2019 03:15,2515,2561,All Island
1358,15 November 2019 03:30,2513,2605,All Island
1359,15 November 2019 03:45,2510,2657,All Island
1360,15 November 2019 04:00,2498,2623,All Island
1361,15 November 2019 04:15,2477,2513,All Island
1362,15 November 2019 04:30,2455,2577,All Island
1363,15 November 2019 04:45,2433,2579,All Island
1364,15 November 2019 05:00,2417,2540,All Island
1365,15 November 2019 05:15,2406,2495,All Island
1366,15 November 2019 05:30,2395,2408,All Island
1367,15 November 2019 05:45,2383,2439,All Island
1368,15 November 2019 06:00,2228,2410,All Island
1369,15 November 2019 06:15,2206,2415,All Island
1370,15 November 2019 06:30,2183,2533,All Island
1371,15 November 2019 06:45,2161,2487,All Island
1372,15 November 2019 07:00,2162,2490,All Island
1373,15 November 2019 07:15,2187,2441,All Island
1374,15 November 2019 07:30,2212,2411,All Island
1375,15 November 2019 07:45,2237,2429,All Island
1376,15 November 2019 08:00,2247,2383,All Island
1377,15 November 2019 08:15,2240,2394,All Island
1378,15 November 2019 08:30,2233,2350,All Island
1379,15 November 2019 08:45,2227,2365,All Island
1380,15 November 2019 09:00,2217,2307,All Island
1381,15 November 2019 09:15,2206,2273,All Island
1382,15 November 2019 09:30,2194,2153,All Island
1383,15 November 2019 09:45,2182,2116,All Island
1384,15 November 2019 10:00,2170,2061,All Island
1385,15 November 2019 10:15,2159,2055,All Island
1386,15 November 2019 10:30,2148,2057,All Island
1387,15 November 2019 10:45,2137,2094,All Island
1388,15 November 2019 11:00,2125,2117,All Island
1389,15 November 2019 11:15,2112,2144,All Island
1390,15 November 2019 11:30,2099,2176,All Island
1391,15 November 2019 11:45,2087,2187,All Island
1392,15 November 2019 12:00,1839,2164,All Island
1393,15 November 2019 12:15,1832,2143,All Island
1394,15 November 2019 12:30,1825,2187,All Island
1395,15 November 2019 12:45,1818,2178,All Island
1396,15 November 2019 13:00,1814,2151,All Island
1397,15 November 2019 13:15,1813,2149,All Island
1398,15 November 2019 13:30,1811,2080,All Island
1399,15 November 2019 13:45,1810,1962,All Island
1400,15 November 2019 14:00,1789,1897,All Island
1401,15 November 2019 14:15,1748,1845,All Island
1402,15 November 2019 14:30,1707,1801,All Island
1403,15 November 2019 14:45,1666,1614,All Island
1404,15 November 2019 15:00,1625,1568,All Island
1405,15 November 2019 15:15,1584,1399,All Island
1406,15 November 2019 15:30,1543,1337,All Island
1407,15 November 2019 15:45,1502,1362,All Island
1408,15 November 2019 16:00,1459,1363,All Island
1409,15 November 2019 16:15,1414,1377,All Island
1410,15 November 2019 16:30,1369,1336,All Island
1411,15 November 2019 16:45,1324,1384,All Island
1412,15 November 2019 17:00,1292,1354,All Island
1413,15 November 2019 17:15,1273,1360,All Island
1414,15 November 2019 17:30,1255,1390,All Island
1415,15 November 2019 17:45,1236,1374,All Island
1416,15 November 2019 18:00,989,1384,All Island
1417,15 November 2019 18:15,963,1352,All Island
1418,15 November 2019 18:30,936,1328,All Island
1419,15 November 2019 18:45,909,1322,All Island
1420,15 November 2019 19:00,883,1292,All Island
1421,15 November 2019 19:15,870,1235,All Island
1422,15 November 2019 19:30,857,1184,All Island
1423,15 November 2019 19:45,850,1151,All Island
1424,15 November 2019 20:00,839,1160,All Island
1425,15 November 2019 20:15,830,1158,All Island
1426,15 November 2019 20:30,820,1143,All Island
1427,15 November 2019 20:45,811,1023,All Island
1428,15 November 2019 21:00,805,1004,All Island
1429,15 November 2019 21:15,803,1001,All Island
1430,15 November 2019 21:30,801,962,All Island
1431,15 November 2019 21:45,799,961,All Island
1432,15 November 2019 22:00,790,909,All Island
1433,15 November 2019 22:15,775,879,All Island
1434,15 November 2019 22:30,760,836,All Island
1435,15 November 2019 22:45,744,782,All Island
1436,15 November 2019 23:00,723,743,All Island
1437,15 November 2019 23:15,704,723,All Island
1438,15 November 2019 23:30,686,684,All Island
1439,15 November 2019 23:45,672,661,All Island
1440,16 November 2019 00:00,573,608,All Island
1441,16 November 2019 00:15,552,611,All Island
1442,16 November 2019 00:30,531,568,All Island
1443,16 November 2019 00:45,512,547,All Island
1444,16 November 2019 01:00,499,537,All Island
1445,16 November 2019 01:15,493,545,All Island
1446,16 November 2019 01:30,487,499,All Island
1447,16 November 2019 01:45,481,458,All Island
1448,16 November 2019 02:00,464,462,All Island
1449,16 November 2019 02:15,436,462,All Island
1450,16 November 2019 02:30,407,436,All Island
1451,16 November 2019 02:45,379,416,All Island
1452,16 November 2019 03:00,358,367,All Island
1453,16 November 2019 03:15,347,355,All Island
1454,16 November 2019 03:30,336,370,All Island
1455,16 November 2019 03:45,327,343,All Island
1456,16 November 2019 04:00,317,333,All Island
1457,16 November 2019 04:15,309,316,All Island
1458,16 November 2019 04:30,301,288,All Island
1459,16 November 2019 04:45,292,255,All Island
1460,16 November 2019 05:00,282,245,All Island
1461,16 November 2019 05:15,270,266,All Island
1462,16 November 2019 05:30,257,272,All Island
1463,16 November 2019 05:45,245,263,All Island
1464,16 November 2019 06:00,214,272,All Island
1465,16 November 2019 06:15,198,237,All Island
1466,16 November 2019 06:30,183,214,All Island
1467,16 November 2019 06:45,167,197,All Island
1468,16 November 2019 07:00,155,176,All Island
1469,16 November 2019 07:15,147,172,All Island
1470,16 November 2019 07:30,138,164,All Island
1471,16 November 2019 07:45,130,173,All Island
1472,16 November 2019 08:00,125,154,All Island
1473,16 November 2019 08:15,122,153,All Island
1474,16 November 2019 08:30,120,153,All Island
1475,16 November 2019 08:45,118,132,All Island
1476,16 November 2019 09:00,118,115,All Island
1477,16 November 2019 09:15,119,101,All Island
1478,16 November 2019 09:30,120,96,All Island
1479,16 November 2019 09:45,120,93,All Island
1480,16 November 2019 10:00,120,84,All Island
1481,16 November 2019 10:15,119,83,All Island
1482,16 November 2019 10:30,118,77,All Island
1483,16 November 2019 10:45,116,70,All Island
1484,16 November 2019 11:00,115,61,All Island
1485,16 November 2019 11:15,114,42,All Island
1486,16 November 2019 11:30,113,39,All Island
1487,16 November 2019 11:45,112,38,All Island
1488,16 November 2019 12:00,99,28,All Island
1489,16 November 2019 12:15,96,19,All Island
1490,16 November 2019 12:30,93,19,All Island
1491,16 November 2019 12:45,89,20,All Island
1492,16 November 2019 13:00,89,23,All Island
1493,16 November 2019 13:15,90,19,All Island
1494,16 November 2019 13:30,92,16,All Island
1495,16 November 2019 13:45,93,17,All Island
1496,16 November 2019 14:00,94,21,All Island
1497,16 November 2019 14:15,95,22,All Island
1498,16 November 2019 14:30,95,25,All Island
1499,16 November 2019 14:45,95,26,All Island
1500,16 November 2019 15:00,97,27,All Island
1501,16 November 2019 15:15,101,32,All Island
1502,16 November 2019 15:30,105,36,All Island
1503,16 November 2019 15:45,108,28,All Island
1504,16 November 2019 16:00,111,30,All Island
1505,16 November 2019 16:15,114,36,All Island
1506,16 November 2019 16:30,118,34,All Island
1507,16 November 2019 16:45,123,26,All Island
1508,16 November 2019 17:00,127,31,All Island
1509,16 November 2019 17:15,131,29,All Island
1510,16 November 2019 17:30,135,32,All Island
1511,16 November 2019 17:45,139,34,All Island
1512,16 November 2019 18:00,91,35,All Island
1513,16 November 2019 18:15,92,38,All Island
1514,16 November 2019 18:30,93,29,All Island
1515,16 November 2019 18:45,94,30,All Island
1516,16 November 2019 19:00,95,33,All Island
1517,16 November 2019 19:15,96,34,All Island
1518,16 November 2019 19:30,97,30,All Island
1519,16 November 2019 19:45,98,32,All Island
1520,16 November 2019 20:00,96,33,All Island
1521,16 November 2019 20:15,95,25,All Island
1522,16 November 2019 20:30,93,24,All Island
1523,16 November 2019 20:45,92,29,All Island
1524,16 November 2019 21:00,91,34,All Island
1525,16 November 2019 21:15,89,36,All Island
1526,16 November 2019 21:30,87,42,All Island
1527,16 November 2019 21:45,85,46,All Island
1528,16 November 2019 22:00,86,50,All Island
1529,16 November 2019 22:15,89,95,All Island
1530,16 November 2019 22:30,92,130,All Island
1531,16 November 2019 22:45,94,144,All Island
1532,16 November 2019 23:00,102,140,All Island
1533,16 November 2019 23:15,113,152,All Island
1534,16 November 2019 23:30,125,152,All Island
1535,16 November 2019 23:45,136,159,All Island
1536,17 November 2019 00:00,199,155,All Island
1537,17 November 2019 00:15,216,164,All Island
1538,17 November 2019 00:30,233,179,All Island
1539,17 November 2019 00:45,249,195,All Island
1540,17 November 2019 01:00,271,201,All Island
1541,17 November 2019 01:15,297,217,All Island
1542,17 November 2019 01:30,324,243,All Island
1543,17 November 2019 01:45,350,277,All Island
1544,17 November 2019 02:00,385,309,All Island
1545,17 November 2019 02:15,429,301,All Island
1546,17 November 2019 02:30,472,326,All Island
1547,17 November 2019 02:45,522,340,All Island
1548,17 November 2019 03:00,572,337,All Island
1549,17 November 2019 03:15,627,382,All Island
1550,17 November 2019 03:30,682,411,All Island
1551,17 November 2019 03:45,737,455,All Island
1552,17 November 2019 04:00,782,466,All Island
1553,17 November 2019 04:15,817,556,All Island
1554,17 November 2019 04:30,853,613,All Island
1555,17 November 2019 04:45,888,670,All Island
1556,17 November 2019 05:00,926,743,All Island
1557,17 November 2019 05:15,968,761,All Island
1558,17 November 2019 05:30,1010,832,All Island
1559,17 November 2019 05:45,1051,876,All Island
1560,17 November 2019 06:00,896,944,All Island
1561,17 November 2019 06:15,935,955,All Island
1562,17 November 2019 06:30,973,1104,All Island
1563,17 November 2019 06:45,1012,1150,All Island
1564,17 November 2019 07:00,1060,1219,All Island
1565,17 November 2019 07:15,1118,1188,All Island
1566,17 November 2019 07:30,1175,1274,All Island
1567,17 November 2019 07:45,1233,1367,All Island
1568,17 November 2019 08:00,1273,1470,All Island
1569,17 November 2019 08:15,1296,1536,All Island
1570,17 November 2019 08:30,1320,1587,All Island
1571,17 November 2019 08:45,1343,1617,All Island
1572,17 November 2019 09:00,1347,1679,All Island
1573,17 November 2019 09:15,1364,1718,All Island
1574,17 November 2019 09:30,1381,1787,All Island
1575,17 November 2019 09:45,1413,1908,All Island
1576,17 November 2019 10:00,1441,1922,All Island
1577,17 November 2019 10:15,1480,1991,All Island
1578,17 November 2019 10:30,1519,2048,All Island
1579,17 November 2019 10:45,1558,2026,All Island
1580,17 November 2019 11:00,1599,2107,All Island
1581,17 November 2019 11:15,1641,2026,All Island
1582,17 November 2019 11:30,1684,1957,All Island
1583,17 November 2019 11:45,1726,1922,All Island
1584,17 November 2019 12:00,1700,1935,All Island
1585,17 November 2019 12:15,1742,1865,All Island
1586,17 November 2019 12:30,1784,1976,All Island
1587,17 November 2019 12:45,1826,1878,All Island
1588,17 November 2019 13:00,1841,1883,All Island
1589,17 November 2019 13:15,1863,1980,All Island
1590,17 November 2019 13:30,1885,1976,All Island
1591,17 November 2019 13:45,1924,1931,All Island
1592,17 November 2019 14:00,1936,1894,All Island
1593,17 November 2019 14:15,1938,1791,All Island
1594,17 November 2019 14:30,1941,1791,All Island
1595,17 November 2019 14:45,1943,1781,All Island
1596,17 November 2019 15:00,1923,1624,All Island
1597,17 November 2019 15:15,1880,1551,All Island
1598,17 November 2019 15:30,1837,1589,All Island
1599,17 November 2019 15:45,1794,1555,All Island
1600,17 November 2019 16:00,1741,1421,All Island
1601,17 November 2019 16:15,1676,1411,All Island
1602,17 November 2019 16:30,1611,1438,All Island
1603,17 November 2019 16:45,1547,1454,All Island
1604,17 November 2019 17:00,1476,1412,All Island
1605,17 November 2019 17:15,1427,1429,All Island
1606,17 November 2019 17:30,1378,1391,All Island
1607,17 November 2019 17:45,1340,1348,All Island
1608,17 November 2019 18:00,1107,1387,All Island
1609,17 November 2019 18:15,1066,1394,All Island
1610,17 November 2019 18:30,1026,1352,All Island
1611,17 November 2019 18:45,986,1287,All Island
1612,17 November 2019 19:00,952,1224,All Island
1613,17 November 2019 19:15,923,1165,All Island
1614,17 November 2019 19:30,894,1093,All Island
1615,17 November 2019 19:45,866,1017,All Island
1616,17 November 2019 20:00,845,994,All Island
1617,17 November 2019 20:15,831,959,All Island
1618,17 November 2019 20:30,816,934,All Island
1619,17 November 2019 20:45,803,841,All Island
1620,17 November 2019 21:00,777,820,All Island
1621,17 November 2019 21:15,751,781,All Island
1622,17 November 2019 21:30,724,738,All Island
1623,17 November 2019 21:45,703,730,All Island
1624,17 November 2019 22:00,666,675,All Island
1625,17 November 2019 22:15,617,583,All Island
1626,17 November 2019 22:30,568,542,All Island
1627,17 November 2019 22:45,519,472,All Island
1628,17 November 2019 23:00,476,447,All Island
1629,17 November 2019 23:15,444,461,All Island
1630,17 November 2019 23:30,412,432,All Island
1631,17 November 2019 23:45,382,421,All Island
1632,18 November 2019 00:00,286,379,All Island
1633,18 November 2019 00:15,255,336,All Island
1634,18 November 2019 00:30,224,277,All Island
1635,18 November 2019 00:45,193,246,All Island
1636,18 November 2019 01:00,177,255,All Island
1637,18 November 2019 01:15,175,252,All Island
1638,18 November 2019 01:30,174,238,All Island
1639,18 November 2019 01:45,173,230,All Island
1640,18 November 2019 02:00,175,222,All Island
1641,18 November 2019 02:15,179,197,All Island
1642,18 November 2019 02:30,182,188,All Island
1643,18 November 2019 02:45,187,182,All Island
1644,18 November 2019 03:00,189,181,All Island
1645,18 November 2019 03:15,188,191,All Island
1646,18 November 2019 03:30,187,187,All Island
1647,18 November 2019 03:45,186,180,All Island
1648,18 November 2019 04:00,196,188,All Island
1649,18 November 2019 04:15,216,206,All Island
1650,18 November 2019 04:30,237,216,All Island
1651,18 November 2019 04:45,257,223,All Island
1652,18 November 2019 05:00,265,225,All Island
1653,18 November 2019 05:15,259,225,All Island
1654,18 November 2019 05:30,254,257,All Island
1655,18 November 2019 05:45,249,280,All Island
1656,18 November 2019 06:00,279,299,All Island
1657,18 November 2019 06:15,260,290,All Island
1658,18 November 2019 06:30,241,306,All Island
1659,18 November 2019 06:45,222,331,All Island
1660,18 November 2019 07:00,212,372,All Island
1661,18 November 2019 07:15,213,417,All Island
1662,18 November 2019 07:30,214,450,All Island
1663,18 November 2019 07:45,214,452,All Island
1664,18 November 2019 08:00,218,471,All Island
1665,18 November 2019 08:15,224,507,All Island
1666,18 November 2019 08:30,231,536,All Island
1667,18 November 2019 08:45,237,551,All Island
1668,18 November 2019 09:00,241,558,All Island
1669,18 November 2019 09:15,242,580,All Island
1670,18 November 2019 09:30,244,612,All Island
1671,18 November 2019 09:45,246,624,All Island
1672,18 November 2019 10:00,250,581,All Island
1673,18 November 2019 10:15,256,596,All Island
1674,18 November 2019 10:30,262,610,All Island
1675,18 November 2019 10:45,268,617,All Island
1676,18 November 2019 11:00,283,607,All Island
1677,18 November 2019 11:15,306,585,All Island
1678,18 November 2019 11:30,330,620,All Island
1679,18 November 2019 11:45,354,644,All Island
1680,18 November 2019 12:00,519,685,All Island
1681,18 November 2019 12:15,537,693,All Island
1682,18 November 2019 12:30,555,698,All Island
1683,18 November 2019 12:45,573,748,All Island
1684,18 November 2019 13:00,590,812,All Island
1685,18 November 2019 13:15,606,863,All Island
1686,18 November 2019 13:30,622,889,All Island
1687,18 November 2019 13:45,638,920,All Island
1688,18 November 2019 14:00,665,966,All Island
1689,18 November 2019 14:15,703,1037,All Island
1690,18 November 2019 14:30,740,1110,All Island
1691,18 November 2019 14:45,778,1120,All Island
1692,18 November 2019 15:00,818,1193,All Island
1693,18 November 2019 15:15,861,1254,All Island
1694,18 November 2019 15:30,904,1268,All Island
1695,18 November 2019 15:45,946,1308,All Island
1696,18 November 2019 16:00,983,1349,All Island
1697,18 November 2019 16:15,1014,1413,All Island
1698,18 November 2019 16:30,1045,1527,All Island
1699,18 November 2019 16:45,1076,1574,All Island
1700,18 November 2019 17:00,1109,1667,All Island
1701,18 November 2019 17:15,1143,1781,All Island
1702,18 November 2019 17:30,1177,1874,All Island
1703,18 November 2019 17:45,1210,1856,All Island
1704,18 November 2019 18:00,1447,1830,All Island
1705,18 November 2019 18:15,1483,1977,All Island
1706,18 November 2019 18:30,1519,2017,All Island
1707,18 November 2019 18:45,1554,2082,All Island
1708,18 November 2019 19:00,1585,2104,All Island
1709,18 November 2019 19:15,1644,2096,All Island
1710,18 November 2019 19:30,1703,2204,All Island
1711,18 November 2019 19:45,1780,2259,All Island
1712,18 November 2019 20:00,1829,2249,All Island
1713,18 November 2019 20:15,1869,2168,All Island
1714,18 November 2019 20:30,1909,2223,All Island
1715,18 November 2019 20:45,1948,2245,All Island
1716,18 November 2019 21:00,1990,2364,All Island
1717,18 November 2019 21:15,2034,2295,All Island
1718,18 November 2019 21:30,2078,2281,All Island
1719,18 November 2019 21:45,2122,2405,All Island
1720,18 November 2019 22:00,2163,2472,All Island
1721,18 November 2019 22:15,2202,2478,All Island
1722,18 November 2019 22:30,2241,2578,All Island
1723,18 November 2019 22:45,2280,2554,All Island
1724,18 November 2019 23:00,2288,2547,All Island
1725,18 November 2019 23:15,2303,2567,All Island
1726,18 November 2019 23:30,2318,2622,All Island
1727,18 November 2019 23:45,2352,2663,All Island
1728,19 November 2019 00:00,2359,2729,All Island
1729,19 November 2019 00:15,2375,2738,All Island
1730,19 November 2019 00:30,2391,2756,All Island
1731,19 November 2019 00:45,2426,2832,All Island
1732,19 November 2019 01:00,2443,2899,All Island
1733,19 November 2019 01:15,2462,2920,All Island
1734,19 November 2019 01:30,2481,2754,All Island
1735,19 November 2019 01:45,2499,2804,All Island
1736,19 November 2019 02:00,2524,2814,All Island
1737,19 November 2019 02:15,2555,2829,All Island
1738,19 November 2019 02:30,2586,2841,All Island
1739,19 November 2019 02:45,2616,2816,All Island
1740,19 November 2019 03:00,2625,2782,All Island
1741,19 November 2019 03:15,2650,2769,All Island
1742,19 November 2019 03:30,2676,2787,All Island
1743,19 November 2019 03:45,2721,2808,All Island
1744,19 November 2019 04:00,2738,2792,All Island
1745,19 November 2019 04:15,2748,2781,All Island
1746,19 November 2019 04:30,2757,2787,All Island
1747,19 November 2019 04:45,2766,2762,All Island
1748,19 November 2019 05:00,2755,2751,All Island
1749,19 November 2019 05:15,2723,2801,All Island
1750,19 November 2019 05:30,2691,2789,All Island
1751,19 November 2019 05:45,2659,2781,All Island
1752,19 November 2019 06:00,2712,2675,All Island
1753,19 November 2019 06:15,2636,2712,All Island
1754,19 November 2019 06:30,2561,2684,All Island
1755,19 November 2019 06:45,2486,2595,All Island
1756,19 November 2019 07:00,2424,2574,All Island
1757,19 November 2019 07:15,2375,2546,All Island
1758,19 November 2019 07:30,2327,2589,All Island
1759,19 November 2019 07:45,2279,2590,All Island
1760,19 November 2019 08:00,2236,2473,All Island
1761,19 November 2019 08:15,2198,2422,All Island
1762,19 November 2019 08:30,2161,2342,All Island
1763,19 November 2019 08:45,2123,2298,All Island
1764,19 November 2019 09:00,2083,2205,All Island
1765,19 November 2019 09:15,2040,2189,All Island
1766,19 November 2019 09:30,1997,2167,All Island
1767,19 November 2019 09:45,1954,2064,All Island
1768,19 November 2019 10:00,1905,1986,All Island
1769,19 November 2019 10:15,1852,1926,All Island
1770,19 November 2019 10:30,1798,1935,All Island
1771,19 November 2019 10:45,1744,1841,All Island
1772,19 November 2019 11:00,1693,1723,All Island
1773,19 November 2019 11:15,1642,1651,All Island
1774,19 November 2019 11:30,1592,1669,All Island
1775,19 November 2019 11:45,1542,1665,All Island
1776,19 November 2019 12:00,1527,1498,All Island
1777,19 November 2019 12:15,1466,1435,All Island
1778,19 November 2019 12:30,1406,1351,All Island
1779,19 November 2019 12:45,1345,1276,All Island
1780,19 November 2019 13:00,1301,1240,All Island
1781,19 November 2019 13:15,1271,1179,All Island
1782,19 November 2019 13:30,1242,1039,All Island
1783,19 November 2019 13:45,1213,987,All Island
1784,19 November 2019 14:00,1190,962,All Island
1785,19 November 2019 14:15,1173,950,All Island
1786,19 November 2019 14:30,1156,947,All Island
1787,19 November 2019 14:45,1139,880,All Island
1788,19 November 2019 15:00,1122,847,All Island
1789,19 November 2019 15:15,1106,775,All Island
1790,19 November 2019 15:30,1090,792,All Island
1791,19 November 2019 15:45,1074,805,All Island
1792,19 November 2019 16:00,1068,869,All Island
1793,19 November 2019 16:15,1070,940,All Island
1794,19 November 2019 16:30,1073,960,All Island
1795,19 November 2019 16:45,1076,936,All Island
1796,19 November 2019 17:00,1089,969,All Island
1797,19 November 2019 17:15,1112,1046,All Island
1798,19 November 2019 17:30,1135,1113,All Island
1799,19 November 2019 17:45,1158,1163,All Island
1800,19 November 2019 18:00,1275,1230,All Island
1801,19 November 2019 18:15,1304,1291,All Island
1802,19 November 2019 18:30,1333,1389,All Island
1803,19 November 2019 18:45,1362,1465,All Island
1804,19 November 2019 19:00,1394,1529,All Island
1805,19 November 2019 19:15,1429,1602,All Island
1806,19 November 2019 19:30,1464,1683,All Island
1807,19 November 2019 19:45,1499,1730,All Island
1808,19 November 2019 20:00,1514,1726,All Island
1809,19 November 2019 20:15,1542,1736,All Island
1810,19 November 2019 20:30,1570,1730,All Island
1811,19 November 2019 20:45,1616,1688,All Island
1812,19 November 2019 21:00,1642,1678,All Island
1813,19 November 2019 21:15,1665,1668,All Island
1814,19 November 2019 21:30,1688,1687,All Island
1815,19 November 2019 21:45,1712,1768,All Island
1816,19 November 2019 22:00,1732,1821,All Island
1817,19 November 2019 22:15,1750,1839,All Island
1818,19 November 2019 22:30,1768,1848,All Island
1819,19 November 2019 22:45,1785,1961,All Island
1820,19 November 2019 23:00,1806,2049,All Island
1821,19 November 2019 23:15,1831,2162,All Island
1822,19 November 2019 23:30,1855,2205,All Island
1823,19 November 2019 23:45,1880,2218,All Island
1824,20 November 2019 00:00,1754,2165,All Island
1825,20 November 2019 00:15,1774,2205,All Island
1826,20 November 2019 00:30,1795,2211,All Island
1827,20 November 2019 00:45,1815,2190,All Island
1828,20 November 2019 01:00,1833,2216,All Island
1829,20 November 2019 01:15,1885,2166,All Island
1830,20 November 2019 01:30,1938,2223,All Island
1831,20 November 2019 01:45,1990,2267,All Island
1832,20 November 2019 02:00,2030,2284,All Island
1833,20 November 2019 02:15,2056,2357,All Island
1834,20 November 2019 02:30,2082,2381,All Island
1835,20 November 2019 02:45,2126,2439,All Island
1836,20 November 2019 03:00,2146,2449,All Island
1837,20 November 2019 03:15,2160,2489,All Island
1838,20 November 2019 03:30,2174,2479,All Island
1839,20 November 2019 03:45,2188,2416,All Island
1840,20 November 2019 04:00,2203,2451,All Island
1841,20 November 2019 04:15,2217,2487,All Island
1842,20 November 2019 04:30,2232,2458,All Island
1843,20 November 2019 04:45,2246,2449,All Island
1844,20 November 2019 05:00,2259,2443,All Island
1845,20 November 2019 05:15,2270,2520,All Island
1846,20 November 2019 05:30,2281,2493,All Island
1847,20 November 2019 05:45,2291,2470,All Island
1848,20 November 2019 06:00,2571,2456,All Island
1849,20 November 2019 06:15,2528,2459,All Island
1850,20 November 2019 06:30,2485,2509,All Island
1851,20 November 2019 06:45,2442,2497,All Island
1852,20 November 2019 07:00,2395,2508,All Island
1853,20 November 2019 07:15,2342,2501,All Island
1854,20 November 2019 07:30,2290,2459,All Island
1855,20 November 2019 07:45,2239,2455,All Island
1856,20 November 2019 08:00,2185,2486,All Island
1857,20 November 2019 08:15,2130,2384,All Island
1858,20 November 2019 08:30,2075,2366,All Island
1859,20 November 2019 08:45,2020,2275,All Island
1860,20 November 2019 09:00,1977,2227,All Island
1861,20 November 2019 09:15,1948,2198,All Island
1862,20 November 2019 09:30,1918,2151,All Island
1863,20 November 2019 09:45,1889,2100,All Island
1864,20 November 2019 10:00,1864,2009,All Island
1865,20 November 2019 10:15,1844,1994,All Island
1866,20 November 2019 10:30,1823,1967,All Island
1867,20 November 2019 10:45,1803,2063,All Island
1868,20 November 2019 11:00,1796,2021,All Island
1869,20 November 2019 11:15,1802,2020,All Island
1870,20 November 2019 11:30,1808,2038,All Island
1871,20 November 2019 11:45,1815,1973,All Island
1872,20 November 2019 12:00,2016,1973,All Island
1873,20 November 2019 12:15,2023,1931,All Island
1874,20 November 2019 12:30,2031,1945,All Island
1875,20 November 2019 12:45,2038,1971,All Island
1876,20 November 2019 13:00,2058,2016,All Island
1877,20 November 2019 13:15,2092,1991,All Island
1878,20 November 2019 13:30,2126,2013,All Island
1879,20 November 2019 13:45,2160,2088,All Island
1880,20 November 2019 14:00,2200,2110,All Island
1881,20 November 2019 14:15,2248,2075,All Island
1882,20 November 2019 14:30,2295,2151,All Island
1883,20 November 2019 14:45,2343,2219,All Island
1884,20 November 2019 15:00,2382,2268,All Island
1885,20 November 2019 15:15,2414,2315,All Island
1886,20 November 2019 15:30,2445,2361,All Island
1887,20 November 2019 15:45,2477,2386,All Island
1888,20 November 2019 16:00,2509,2348,All Island
1889,20 November 2019 16:15,2540,2424,All Island
1890,20 November 2019 16:30,2572,2519,All Island
1891,20 November 2019 16:45,2603,2513,All Island
1892,20 November 2019 17:00,2630,2499,All Island
1893,20 November 2019 17:15,2651,2519,All Island
1894,20 November 2019 17:30,2673,2559,All Island
1895,20 November 2019 17:45,2694,2605,All Island
1896,20 November 2019 18:00,2673,2670,All Island
1897,20 November 2019 18:15,2676,2744,All Island
1898,20 November 2019 18:30,2679,2811,All Island
1899,20 November 2019 18:45,2683,2931,All Island
1900,20 November 2019 19:00,2691,3073,All Island
1901,20 November 2019 19:15,2704,3166,All Island
1902,20 November 2019 19:30,2718,3169,All Island
1903,20 November 2019 19:45,2731,3327,All Island
1904,20 November 2019 20:00,2745,3351,All Island
1905,20 November 2019 20:15,2760,3416,All Island
1906,20 November 2019 20:30,2776,3441,All Island
1907,20 November 2019 20:45,2791,3382,All Island
1908,20 November 2019 21:00,2778,3329,All Island
1909,20 November 2019 21:15,2755,3293,All Island
1910,20 November 2019 21:30,2732,3188,All Island
1911,20 November 2019 21:45,2717,3122,All Island
1912,20 November 2019 22:00,2686,3009,All Island
1913,20 November 2019 22:15,2648,2993,All Island
1914,20 November 2019 22:30,2610,2899,All Island
1915,20 November 2019 22:45,2572,2890,All Island
1916,20 November 2019 23:00,2527,2848,All Island
1917,20 November 2019 23:15,2489,2725,All Island
1918,20 November 2019 23:30,2451,2743,All Island
1919,20 November 2019 23:45,2418,2553,All Island
1920,21 November 2019 00:00,2534,2482,All Island
1921,21 November 2019 00:15,2482,2401,All Island
1922,21 November 2019 00:30,2431,2271,All Island
1923,21 November 2019 00:45,2386,2210,All Island
1924,21 November 2019 01:00,2345,2160,All Island
1925,21 November 2019 01:15,2316,2092,All Island
1926,21 November 2019 01:30,2286,2092,All Island
1927,21 November 2019 01:45,2257,2073,All Island
1928,21 November 2019 02:00,2231,2080,All Island
1929,21 November 2019 02:15,2210,1951,All Island
1930,21 November 2019 02:30,2188,1929,All Island
1931,21 November 2019 02:45,2167,1916,All Island
1932,21 November 2019 03:00,2134,1890,All Island
1933,21 November 2019 03:15,2104,1866,All Island
1934,21 November 2019 03:30,2073,1914,All Island
1935,21 November 2019 03:45,2050,1886,All Island
1936,21 November 2019 04:00,2023,1802,All Island
1937,21 November 2019 04:15,1998,1858,All Island
1938,21 November 2019 04:30,1973,1849,All Island
1939,21 November 2019 04:45,1949,1791,All Island
1940,21 November 2019 05:00,1926,1756,All Island
1941,21 November 2019 05:15,1904,1702,All Island
1942,21 November 2019 05:30,1883,1637,All Island
1943,21 November 2019 05:45,1861,1648,All Island
1944,21 November 2019 06:00,1905,1645,All Island
1945,21 November 2019 06:15,1882,1750,All Island
1946,21 November 2019 06:30,1859,1767,All Island
1947,21 November 2019 06:45,1836,1853,All Island
1948,21 November 2019 07:00,1815,1919,All Island
1949,21 November 2019 07:15,1797,1927,All Island
1950,21 November 2019 07:30,1779,1966,All Island
1951,21 November 2019 07:45,1760,1962,All Island
1952,21 November 2019 08:00,1755,1900,All Island
1953,21 November 2019 08:15,1763,1910,All Island
1954,21 November 2019 08:30,1771,1907,All Island
1955,21 November 2019 08:45,1779,1940,All Island
1956,21 November 2019 09:00,1782,1987,All Island
1957,21 November 2019 09:15,1779,1983,All Island
1958,21 November 2019 09:30,1777,1989,All Island
1959,21 November 2019 09:45,1774,2009,All Island
1960,21 November 2019 10:00,1770,1966,All Island
1961,21 November 2019 10:15,1763,1991,All Island
1962,21 November 2019 10:30,1757,2046,All Island
1963,21 November 2019 10:45,1750,2013,All Island
1964,21 November 2019 11:00,1741,1983,All Island
1965,21 November 2019 11:15,1729,2015,All Island
1966,21 November 2019 11:30,1716,2076,All Island
1967,21 November 2019 11:45,1704,2106,All Island
1968,21 November 2019 12:00,1704,2085,All Island
1969,21 November 2019 12:15,1676,2111,All Island
1970,21 November 2019 12:30,1648,2112,All Island
1971,21 November 2019 12:45,1620,2053,All Island
1972,21 November 2019 13:00,1599,2020,All Island
1973,21 November 2019 13:15,1585,1920,All Island
1974,21 November 2019 13:30,1571,1943,All Island
1975,21 November 2019 13:45,1557,2047,All Island
1976,21 November 2019 14:00,1553,2011,All Island
1977,21 November 2019 14:15,1561,1968,All Island
1978,21 November 2019 14:30,1568,1957,All Island
1979,21 November 2019 14:45,1576,1900,All Island
1980,21 November 2019 15:00,1582,1906,All Island
1981,21 November 2019 15:15,1588,1885,All Island
1982,21 November 2019 15:30,1594,1913,All Island
1983,21 November 2019 15:45,1600,1888,All Island
1984,21 November 2019 16:00,1605,1924,All Island
1985,21 November 2019 16:15,1610,1912,All Island
1986,21 November 2019 16:30,1615,1901,All Island
1987,21 November 2019 16:45,1619,1919,All Island
1988,21 November 2019 17:00,1616,1896,All Island
1989,21 November 2019 17:15,1603,1865,All Island
1990,21 November 2019 17:30,1591,1855,All Island
1991,21 November 2019 17:45,1578,1928,All Island
1992,21 November 2019 18:00,1590,1950,All Island
1993,21 November 2019 18:15,1554,1940,All Island
1994,21 November 2019 18:30,1518,1895,All Island
1995,21 November 2019 18:45,1482,1899,All Island
1996,21 November 2019 19:00,1459,1823,All Island
1997,21 November 2019 19:15,1449,1791,All Island
1998,21 November 2019 19:30,1438,1755,All Island
1999,21 November 2019 19:45,1427,1762,All Island
2000,21 November 2019 20:00,1416,1776,All Island
2001,21 November 2019 20:15,1403,1770,All Island
2002,21 November 2019 20:30,1390,1751,All Island
2003,21 November 2019 20:45,1378,1723,All Island
2004,21 November 2019 21:00,1357,1711,All Island
2005,21 November 2019 21:15,1327,1730,All Island
2006,21 November 2019 21:30,1298,1740,All Island
2007,21 November 2019 21:45,1269,1726,All Island
2008,21 November 2019 22:00,1238,1709,All Island
2009,21 November 2019 22:15,1217,1687,All Island
2010,21 November 2019 22:30,1196,1711,All Island
2011,21 November 2019 22:45,1181,1651,All Island
2012,21 November 2019 23:00,1164,1640,All Island
2013,21 November 2019 23:15,1149,1598,All Island
2014,21 November 2019 23:30,1135,1564,All Island
2015,21 November 2019 23:45,1121,1493,All Island
2016,22 November 2019 00:00,1150,1469,All Island
2017,22 November 2019 00:15,1128,1511,All Island
2018,22 November 2019 00:30,1106,1440,All Island
2019,22 November 2019 00:45,1084,1414,All Island
2020,22 November 2019 01:00,1065,1380,All Island
2021,22 November 2019 01:15,1065,1401,All Island
2022,22 November 2019 01:30,1065,1376,All Island
2023,22 November 2019 01:45,1065,1345,All Island
2024,22 November 2019 02:00,1069,1350,All Island
2025,22 November 2019 02:15,1076,1366,All Island
2026,22 November 2019 02:30,1083,1337,All Island
2027,22 November 2019 02:45,1098,1321,All Island
2028,22 November 2019 03:00,1097,1323,All Island
2029,22 November 2019 03:15,1088,1301,All Island
2030,22 November 2019 03:30,1080,1279,All Island
2031,22 November 2019 03:45,1071,1258,All Island
2032,22 November 2019 04:00,1056,1262,All Island
2033,22 November 2019 04:15,1033,1231,All Island
2034,22 November 2019 04:30,1010,1234,All Island
2035,22 November 2019 04:45,988,1188,All Island
2036,22 November 2019 05:00,965,1216,All Island
2037,22 November 2019 05:15,941,1211,All Island
2038,22 November 2019 05:30,918,1115,All Island
2039,22 November 2019 05:45,895,1039,All Island
2040,22 November 2019 06:00,844,1002,All Island
2041,22 November 2019 06:15,827,1006,All Island
2042,22 November 2019 06:30,809,979,All Island
2043,22 November 2019 06:45,791,981,All Island
2044,22 November 2019 07:00,781,968,All Island
2045,22 November 2019 07:15,780,960,All Island
2046,22 November 2019 07:30,778,966,All Island
2047,22 November 2019 07:45,776,952,All Island
2048,22 November 2019 08:00,779,979,All Island
2049,22 November 2019 08:15,785,991,All Island
2050,22 November 2019 08:30,792,1014,All Island
2051,22 November 2019 08:45,798,993,All Island
2052,22 November 2019 09:00,795,977,All Island
2053,22 November 2019 09:15,782,952,All Island
2054,22 November 2019 09:30,770,927,All Island
2055,22 November 2019 09:45,757,873,All Island
2056,22 November 2019 10:00,738,862,All Island
2057,22 November 2019 10:15,714,865,All Island
2058,22 November 2019 10:30,689,836,All Island
2059,22 November 2019 10:45,665,834,All Island
2060,22 November 2019 11:00,644,812,All Island
2061,22 November 2019 11:15,626,800,All Island
2062,22 November 2019 11:30,607,766,All Island
2063,22 November 2019 11:45,589,746,All Island
2064,22 November 2019 12:00,503,767,All Island
2065,22 November 2019 12:15,504,757,All Island
2066,22 November 2019 12:30,505,792,All Island
2067,22 November 2019 12:45,506,744,All Island
2068,22 November 2019 13:00,513,717,All Island
2069,22 November 2019 13:15,526,755,All Island
2070,22 November 2019 13:30,539,718,All Island
2071,22 November 2019 13:45,552,710,All Island
2072,22 November 2019 14:00,566,712,All Island
2073,22 November 2019 14:15,583,716,All Island
2074,22 November 2019 14:30,599,727,All Island
2075,22 November 2019 14:45,615,744,All Island
2076,22 November 2019 15:00,617,752,All Island
2077,22 November 2019 15:15,607,732,All Island
2078,22 November 2019 15:30,597,752,All Island
2079,22 November 2019 15:45,586,781,All Island
2080,22 November 2019 16:00,577,798,All Island
2081,22 November 2019 16:15,568,823,All Island
2082,22 November 2019 16:30,559,902,All Island
2083,22 November 2019 16:45,551,904,All Island
2084,22 November 2019 17:00,547,875,All Island
2085,22 November 2019 17:15,549,842,All Island
2086,22 November 2019 17:30,551,874,All Island
2087,22 November 2019 17:45,553,868,All Island
2088,22 November 2019 18:00,590,896,All Island
2089,22 November 2019 18:15,598,866,All Island
2090,22 November 2019 18:30,607,845,All Island
2091,22 November 2019 18:45,616,843,All Island
2092,22 November 2019 19:00,618,842,All Island
2093,22 November 2019 19:15,621,838,All Island
2094,22 November 2019 19:30,624,796,All Island
2095,22 November 2019 19:45,631,734,All Island
2096,22 November 2019 20:00,633,709,All Island
2097,22 November 2019 20:15,635,695,All Island
2098,22 November 2019 20:30,636,684,All Island
2099,22 November 2019 20:45,638,691,All Island
2100,22 November 2019 21:00,642,699,All Island
2101,22 November 2019 21:15,650,663,All Island
2102,22 November 2019 21:30,658,647,All Island
2103,22 November 2019 21:45,665,628,All Island
2104,22 November 2019 22:00,681,641,All Island
2105,22 November 2019 22:15,704,611,All Island
2106,22 November 2019 22:30,728,620,All Island
2107,22 November 2019 22:45,751,603,All Island
2108,22 November 2019 23:00,771,599,All Island
2109,22 November 2019 23:15,798,614,All Island
2110,22 November 2019 23:30,825,626,All Island
2111,22 November 2019 23:45,858,649,All Island
2112,23 November 2019 00:00,669,649,All Island
2113,23 November 2019 00:15,693,649,All Island
2114,23 November 2019 00:30,716,649,All Island
2115,23 November 2019 00:45,743,649,All Island
2116,23 November 2019 01:00,771,649,All Island
2117,23 November 2019 01:15,802,649,All Island
2118,23 November 2019 01:30,832,649,All Island
2119,23 November 2019 01:45,864,649,All Island
2120,23 November 2019 02:00,894,649,All Island
2121,23 November 2019 02:15,924,887,All Island
2122,23 November 2019 02:30,954,912,All Island
2123,23 November 2019 02:45,984,896,All Island
2124,23 November 2019 03:00,1003,896,All Island
2125,23 November 2019 03:15,1022,950,All Island
2126,23 November 2019 03:30,1042,984,All Island
2127,23 November 2019 03:45,1068,974,All Island
2128,23 November 2019 04:00,1084,992,All Island
2129,23 November 2019 04:15,1097,1012,All Island
2130,23 November 2019 04:30,1109,939,All Island
2131,23 November 2019 04:45,1122,925,All Island
2132,23 November 2019 05:00,1129,923,All Island
2133,23 November 2019 05:15,1130,945,All Island
2134,23 November 2019 05:30,1132,978,All Island
2135,23 November 2019 05:45,1133,1079,All Island
2136,23 November 2019 06:00,1096,1172,All Island
2137,23 November 2019 06:15,1107,1277,All Island
2138,23 November 2019 06:30,1118,1315,All Island
2139,23 November 2019 06:45,1128,1313,All Island
2140,23 November 2019 07:00,1138,1353,All Island
2141,23 November 2019 07:15,1148,1315,All Island
2142,23 November 2019 07:30,1158,1278,All Island
2143,23 November 2019 07:45,1168,1277,All Island
2144,23 November 2019 08:00,1174,1262,All Island
2145,23 November 2019 08:15,1177,1245,All Island
2146,23 November 2019 08:30,1180,1212,All Island
2147,23 November 2019 08:45,1183,1211,All Island
2148,23 November 2019 09:00,1178,1189,All Island
2149,23 November 2019 09:15,1166,1143,All Island
2150,23 November 2019 09:30,1153,1142,All Island
2151,23 November 2019 09:45,1140,1164,All Island
2152,23 November 2019 10:00,1132,1163,All Island
2153,23 November 2019 10:15,1127,1160,All Island
2154,23 November 2019 10:30,1123,1181,All Island
2155,23 November 2019 10:45,1119,1180,All Island
2156,23 November 2019 11:00,1121,1182,All Island
2157,23 November 2019 11:15,1129,1146,All Island
2158,23 November 2019 11:30,1138,1114,All Island
2159,23 November 2019 11:45,1146,1101,All Island
2160,23 November 2019 12:00,930,1101,All Island
2161,23 November 2019 12:15,936,1083,All Island
2162,23 November 2019 12:30,941,1056,All Island
2163,23 November 2019 12:45,946,1081,All Island
2164,23 November 2019 13:00,949,1084,All Island
2165,23 November 2019 13:15,948,1101,All Island
2166,23 November 2019 13:30,948,1077,All Island
2167,23 November 2019 13:45,947,1050,All Island
2168,23 November 2019 14:00,935,1037,All Island
2169,23 November 2019 14:15,911,986,All Island
2170,23 November 2019 14:30,887,980,All Island
2171,23 November 2019 14:45,863,930,All Island
2172,23 November 2019 15:00,836,907,All Island
2173,23 November 2019 15:15,807,845,All Island
2174,23 November 2019 15:30,777,761,All Island
2175,23 November 2019 15:45,748,707,All Island
2176,23 November 2019 16:00,714,691,All Island
2177,23 November 2019 16:15,684,667,All Island
2178,23 November 2019 16:30,655,635,All Island
2179,23 November 2019 16:45,628,606,All Island
2180,23 November 2019 17:00,600,638,All Island
2181,23 November 2019 17:15,574,620,All Island
2182,23 November 2019 17:30,549,575,All Island
2183,23 November 2019 17:45,523,534,All Island
2184,23 November 2019 18:00,491,542,All Island
2185,23 November 2019 18:15,474,545,All Island
2186,23 November 2019 18:30,457,497,All Island
2187,23 November 2019 18:45,440,455,All Island
2188,23 November 2019 19:00,426,446,All Island
2189,23 November 2019 19:15,417,446,All Island
2190,23 November 2019 19:30,407,411,All Island
2191,23 November 2019 19:45,397,363,All Island
2192,23 November 2019 20:00,377,363,All Island
2193,23 November 2019 20:15,350,308,All Island
2194,23 November 2019 20:30,323,271,All Island
2195,23 November 2019 20:45,296,233,All Island
2196,23 November 2019 21:00,270,190,All Island
2197,23 November 2019 21:15,245,179,All Island
2198,23 November 2019 21:30,220,172,All Island
2199,23 November 2019 21:45,194,137,All Island
2200,23 November 2019 22:00,173,114,All Island
2201,23 November 2019 22:15,157,93,All Island
2202,23 November 2019 22:30,140,77,All Island
2203,23 November 2019 22:45,124,58,All Island
2204,23 November 2019 23:00,110,55,All Island
2205,23 November 2019 23:15,101,40,All Island
2206,23 November 2019 23:30,91,25,All Island
2207,23 November 2019 23:45,81,16,All Island
2208,24 November 2019 00:00,56,14,All Island
2209,24 November 2019 00:15,52,9,All Island
2210,24 November 2019 00:30,49,3,All Island
2211,24 November 2019 00:45,45,2,All Island
2212,24 November 2019 01:00,42,4,All Island
2213,24 November 2019 01:15,41,5,All Island
2214,24 November 2019 01:30,41,7,All Island
2215,24 November 2019 01:45,40,15,All Island
2216,24 November 2019 02:00,40,13,All Island
2217,24 November 2019 02:15,40,16,All Island
2218,24 November 2019 02:30,41,18,All Island
2219,24 November 2019 02:45,42,20,All Island
2220,24 November 2019 03:00,44,14,All Island
2221,24 November 2019 03:15,47,10,All Island
2222,24 November 2019 03:30,50,13,All Island
2223,24 November 2019 03:45,52,20,All Island
2224,24 November 2019 04:00,58,34,All Island
2225,24 November 2019 04:15,66,50,All Island
2226,24 November 2019 04:30,75,82,All Island
2227,24 November 2019 04:45,83,117,All Island
2228,24 November 2019 05:00,92,151,All Island
2229,24 November 2019 05:15,102,178,All Island
2230,24 November 2019 05:30,112,192,All Island
2231,24 November 2019 05:45,122,194,All Island
2232,24 November 2019 06:00,160,207,All Island
2233,24 November 2019 06:15,173,211,All Island
2234,24 November 2019 06:30,185,232,All Island
2235,24 November 2019 06:45,198,250,All Island
2236,24 November 2019 07:00,215,258,All Island
2237,24 November 2019 07:15,237,258,All Island
2238,24 November 2019 07:30,259,268,All Island
2239,24 November 2019 07:45,281,278,All Island
2240,24 November 2019 08:00,307,269,All Island
2241,24 November 2019 08:15,336,290,All Island
2242,24 November 2019 08:30,366,344,All Island
2243,24 November 2019 08:45,395,394,All Island
2244,24 November 2019 09:00,418,470,All Island
2245,24 November 2019 09:15,450,508,All Island
2246,24 November 2019 09:30,483,526,All Island
2247,24 November 2019 09:45,525,538,All Island
2248,24 November 2019 10:00,555,566,All Island
2249,24 November 2019 10:15,581,602,All Island
2250,24 November 2019 10:30,608,658,All Island
2251,24 November 2019 10:45,635,726,All Island
2252,24 November 2019 11:00,666,784,All Island
2253,24 November 2019 11:15,702,843,All Island
2254,24 November 2019 11:30,737,898,All Island
2255,24 November 2019 11:45,773,1020,All Island
2256,24 November 2019 12:00,748,1099,All Island
2257,24 November 2019 12:15,788,1184,All Island
2258,24 November 2019 12:30,828,1226,All Island
2259,24 November 2019 12:45,868,1273,All Island
2260,24 November 2019 13:00,892,1308,All Island
2261,24 November 2019 13:15,932,1348,All Island
2262,24 November 2019 13:30,971,1410,All Island
2263,24 November 2019 13:45,1027,1448,All Island
2264,24 November 2019 14:00,1066,1473,All Island
2265,24 November 2019 14:15,1103,1465,All Island
2266,24 November 2019 14:30,1141,1503,All Island
2267,24 November 2019 14:45,1178,1524,All Island
2268,24 November 2019 15:00,1208,1517,All Island
2269,24 November 2019 15:15,1231,1539,All Island
2270,24 November 2019 15:30,1253,1537,All Island
2271,24 November 2019 15:45,1276,1559,All Island
2272,24 November 2019 16:00,1301,1601,All Island
2273,24 November 2019 16:15,1330,1604,All Island
2274,24 November 2019 16:30,1358,1648,All Island
2275,24 November 2019 16:45,1386,1743,All Island
2276,24 November 2019 17:00,1395,1809,All Island
2277,24 November 2019 17:15,1424,1925,All Island
2278,24 November 2019 17:30,1452,1915,All Island
2279,24 November 2019 17:45,1500,1955,All Island
2280,24 November 2019 18:00,1690,1967,All Island
2281,24 November 2019 18:15,1704,1963,All Island
2282,24 November 2019 18:30,1717,2004,All Island
2283,24 November 2019 18:45,1731,2025,All Island
2284,24 November 2019 19:00,1743,1996,All Island
2285,24 November 2019 19:15,1755,2001,All Island
2286,24 November 2019 19:30,1768,1997,All Island
2287,24 November 2019 19:45,1780,2035,All Island
2288,24 November 2019 20:00,1785,2026,All Island
2289,24 November 2019 20:15,1784,2031,All Island
2290,24 November 2019 20:30,1783,2057,All Island
2291,24 November 2019 20:45,1782,2055,All Island
2292,24 November 2019 21:00,1746,2066,All Island
2293,24 November 2019 21:15,1714,2082,All Island
2294,24 November 2019 21:30,1682,2065,All Island
2295,24 November 2019 21:45,1666,2058,All Island
2296,24 November 2019 22:00,1637,2047,All Island
2297,24 November 2019 22:15,1612,1977,All Island
2298,24 November 2019 22:30,1587,1958,All Island
2299,24 November 2019 22:45,1561,1909,All Island
2300,24 November 2019 23:00,1528,1971,All Island
2301,24 November 2019 23:15,1513,1943,All Island
2302,24 November 2019 23:30,1499,1899,All Island
2303,24 November 2019 23:45,1493,1846,All Island
2304,25 November 2019 00:00,1630,1750,All Island
2305,25 November 2019 00:15,1585,1661,All Island
2306,25 November 2019 00:30,1541,1641,All Island
2307,25 November 2019 00:45,1496,1599,All Island
2308,25 November 2019 01:00,1459,1561,All Island
2309,25 November 2019 01:15,1431,1512,All Island
2310,25 November 2019 01:30,1402,1508,All Island
2311,25 November 2019 01:45,1374,1555,All Island
2312,25 November 2019 02:00,1350,1495,All Island
2313,25 November 2019 02:15,1330,1446,All Island
2314,25 November 2019 02:30,1310,1409,All Island
2315,25 November 2019 02:45,1290,1404,All Island
2316,25 November 2019 03:00,1265,1345,All Island
2317,25 November 2019 03:15,1233,1296,All Island
2318,25 November 2019 03:30,1201,1188,All Island
2319,25 November 2019 03:45,1169,1153,All Island
2320,25 November 2019 04:00,1143,1147,All Island
2321,25 November 2019 04:15,1121,1121,All Island
2322,25 November 2019 04:30,1099,1057,All Island
2323,25 November 2019 04:45,1077,1010,All Island
2324,25 November 2019 05:00,1054,1088,All Island
2325,25 November 2019 05:15,1031,1106,All Island
2326,25 November 2019 05:30,1008,1044,All Island
2327,25 November 2019 05:45,984,1040,All Island
2328,25 November 2019 06:00,852,1086,All Island
2329,25 November 2019 06:15,842,1130,All Island
2330,25 November 2019 06:30,833,1092,All Island
2331,25 November 2019 06:45,823,1088,All Island
2332,25 November 2019 07:00,816,1086,All Island
2333,25 November 2019 07:15,811,1080,All Island
2334,25 November 2019 07:30,806,1076,All Island
2335,25 November 2019 07:45,801,1078,All Island
2336,25 November 2019 08:00,797,1077,All Island
2337,25 November 2019 08:15,793,1044,All Island
2338,25 November 2019 08:30,789,963,All Island
2339,25 November 2019 08:45,785,957,All Island
2340,25 November 2019 09:00,778,909,All Island
2341,25 November 2019 09:15,770,851,All Island
2342,25 November 2019 09:30,762,796,All Island
2343,25 November 2019 09:45,753,749,All Island
2344,25 November 2019 10:00,745,740,All Island
2345,25 November 2019 10:15,738,782,All Island
2346,25 November 2019 10:30,730,726,All Island
2347,25 November 2019 10:45,722,695,All Island
2348,25 November 2019 11:00,712,711,All Island
2349,25 November 2019 11:15,699,650,All Island
2350,25 November 2019 11:30,686,616,All Island
2351,25 November 2019 11:45,673,606,All Island
2352,25 November 2019 12:00,628,568,All Island
2353,25 November 2019 12:15,618,547,All Island
2354,25 November 2019 12:30,609,531,All Island
2355,25 November 2019 12:45,599,566,All Island
2356,25 November 2019 13:00,584,568,All Island
2357,25 November 2019 13:15,563,585,All Island
2358,25 November 2019 13:30,542,603,All Island
2359,25 November 2019 13:45,522,612,All Island
2360,25 November 2019 14:00,514,626,All Island
2361,25 November 2019 14:15,520,624,All Island
2362,25 November 2019 14:30,525,600,All Island
2363,25 November 2019 14:45,531,537,All Island
2364,25 November 2019 15:00,535,513,All Island
2365,25 November 2019 15:15,537,497,All Island
2366,25 November 2019 15:30,539,530,All Island
2367,25 November 2019 15:45,542,485,All Island
2368,25 November 2019 16:00,538,447,All Island
2369,25 November 2019 16:15,528,424,All Island
2370,25 November 2019 16:30,517,415,All Island
2371,25 November 2019 16:45,507,415,All Island
2372,25 November 2019 17:00,498,411,All Island
2373,25 November 2019 17:15,490,386,All Island
2374,25 November 2019 17:30,482,376,All Island
2375,25 November 2019 17:45,475,373,All Island
2376,25 November 2019 18:00,400,363,All Island
2377,25 November 2019 18:15,406,363,All Island
2378,25 November 2019 18:30,413,363,All Island
2379,25 November 2019 18:45,419,343,All Island
2380,25 November 2019 19:00,432,336,All Island
2381,25 November 2019 19:15,452,345,All Island
2382,25 November 2019 19:30,473,338,All Island
2383,25 November 2019 19:45,493,343,All Island
2384,25 November 2019 20:00,508,361,All Island
2385,25 November 2019 20:15,518,365,All Island
2386,25 November 2019 20:30,527,378,All Island
2387,25 November 2019 20:45,537,367,All Island
2388,25 November 2019 21:00,543,345,All Island
2389,25 November 2019 21:15,545,335,All Island
2390,25 November 2019 21:30,547,316,All Island
2391,25 November 2019 21:45,550,320,All Island
2392,25 November 2019 22:00,546,344,All Island
2393,25 November 2019 22:15,536,378,All Island
2394,25 November 2019 22:30,525,404,All Island
2395,25 November 2019 22:45,515,407,All Island
2396,25 November 2019 23:00,509,406,All Island
2397,25 November 2019 23:15,507,423,All Island
2398,25 November 2019 23:30,504,464,All Island
2399,25 November 2019 23:45,502,504,All Island
2400,26 November 2019 00:00,371,528,All Island
2401,26 November 2019 00:15,375,582,All Island
2402,26 November 2019 00:30,379,573,All Island
2403,26 November 2019 00:45,383,569,All Island
2404,26 November 2019 01:00,410,601,All Island
2405,26 November 2019 01:15,459,675,All Island
2406,26 November 2019 01:30,508,751,All Island
2407,26 November 2019 01:45,558,810,All Island
2408,26 November 2019 02:00,615,861,All Island
2409,26 November 2019 02:15,679,873,All Island
2410,26 November 2019 02:30,744,903,All Island
2411,26 November 2019 02:45,808,1034,All Island
2412,26 November 2019 03:00,872,1127,All Island
2413,26 November 2019 03:15,935,1182,All Island
2414,26 November 2019 03:30,998,1330,All Island
2415,26 November 2019 03:45,1061,1428,All Island
2416,26 November 2019 04:00,1128,1428,All Island
2417,26 November 2019 04:15,1199,1484,All Island
2418,26 November 2019 04:30,1270,1492,All Island
2419,26 November 2019 04:45,1342,1542,All Island
2420,26 November 2019 05:00,1425,1585,All Island
2421,26 November 2019 05:15,1521,1613,All Island
2422,26 November 2019 05:30,1616,1657,All Island
2423,26 November 2019 05:45,1712,1732,All Island
2424,26 November 2019 06:00,1930,1773,All Island
2425,26 November 2019 06:15,2012,1835,All Island
2426,26 November 2019 06:30,2095,1898,All Island
2427,26 November 2019 06:45,2177,1986,All Island
2428,26 November 2019 07:00,2257,2053,All Island
2429,26 November 2019 07:15,2334,2200,All Island
2430,26 November 2019 07:30,2411,2271,All Island
2431,26 November 2019 07:45,2488,2375,All Island
2432,26 November 2019 08:00,2542,2415,All Island
2433,26 November 2019 08:15,2573,2423,All Island
2434,26 November 2019 08:30,2604,2497,All Island
2435,26 November 2019 08:45,2635,2514,All Island
2436,26 November 2019 09:00,2663,2506,All Island
2437,26 November 2019 09:15,2688,2556,All Island
2438,26 November 2019 09:30,2713,2552,All Island
2439,26 November 2019 09:45,2738,2605,All Island
2440,26 November 2019 10:00,2761,2692,All Island
2441,26 November 2019 10:15,2782,2785,All Island
2442,26 November 2019 10:30,2803,2864,All Island
2443,26 November 2019 10:45,2825,2885,All Island
2444,26 November 2019 11:00,2851,2929,All Island
2445,26 November 2019 11:15,2884,2980,All Island
2446,26 November 2019 11:30,2917,3044,All Island
2447,26 November 2019 11:45,2949,3107,All Island
2448,26 November 2019 12:00,2787,3198,All Island
2449,26 November 2019 12:15,2818,3243,All Island
2450,26 November 2019 12:30,2848,3264,All Island
2451,26 November 2019 12:45,2878,3290,All Island
2452,26 November 2019 13:00,2894,3321,All Island
2453,26 November 2019 13:15,2894,3307,All Island
2454,26 November 2019 13:30,2895,3275,All Island
2455,26 November 2019 13:45,2895,3285,All Island
2456,26 November 2019 14:00,2871,3200,All Island
2457,26 November 2019 14:15,2821,3108,All Island
2458,26 November 2019 14:30,2772,3038,All Island
2459,26 November 2019 14:45,2722,2902,All Island
2460,26 November 2019 15:00,2654,2835,All Island
2461,26 November 2019 15:15,2568,2702,All Island
2462,26 November 2019 15:30,2482,2652,All Island
2463,26 November 2019 15:45,2396,2511,All Island
2464,26 November 2019 16:00,2310,2527,All Island
2465,26 November 2019 16:15,2225,2457,All Island
2466,26 November 2019 16:30,2139,2377,All Island
2467,26 November 2019 16:45,2054,2269,All Island
2468,26 November 2019 17:00,1982,2164,All Island
2469,26 November 2019 17:15,1924,2083,All Island
2470,26 November 2019 17:30,1867,2039,All Island
2471,26 November 2019 17:45,1809,1981,All Island
2472,26 November 2019 18:00,1832,1843,All Island
2473,26 November 2019 18:15,1746,1815,All Island
2474,26 November 2019 18:30,1660,1716,All Island
2475,26 November 2019 18:45,1573,1605,All Island
2476,26 November 2019 19:00,1490,1501,All Island
2477,26 November 2019 19:15,1411,1473,All Island
2478,26 November 2019 19:30,1331,1416,All Island
2479,26 November 2019 19:45,1252,1345,All Island
2480,26 November 2019 20:00,1185,1251,All Island
2481,26 November 2019 20:15,1132,1265,All Island
2482,26 November 2019 20:30,1079,1197,All Island
2483,26 November 2019 20:45,1026,1212,All Island
2484,26 November 2019 21:00,989,1141,All Island
2485,26 November 2019 21:15,968,1136,All Island
2486,26 November 2019 21:30,947,1164,All Island
2487,26 November 2019 21:45,927,1167,All Island
2488,26 November 2019 22:00,919,1213,All Island
2489,26 November 2019 22:15,923,1208,All Island
2490,26 November 2019 22:30,927,1179,All Island
2491,26 November 2019 22:45,931,1153,All Island
2492,26 November 2019 23:00,940,1135,All Island
2493,26 November 2019 23:15,953,1133,All Island
2494,26 November 2019 23:30,966,1158,All Island
2495,26 November 2019 23:45,979,1156,All Island
2496,27 November 2019 00:00,1032,1121,All Island
2497,27 November 2019 00:15,1006,1078,All Island
2498,27 November 2019 00:30,980,1058,All Island
2499,27 November 2019 00:45,955,1054,All Island
2500,27 November 2019 01:00,939,1022,All Island
2501,27 November 2019 01:15,934,989,All Island
2502,27 November 2019 01:30,929,1004,All Island
2503,27 November 2019 01:45,924,1042,All Island
2504,27 November 2019 02:00,931,1036,All Island
2505,27 November 2019 02:15,952,1024,All Island
2506,27 November 2019 02:30,972,1005,All Island
2507,27 November 2019 02:45,992,997,All Island
2508,27 November 2019 03:00,1007,970,All Island
2509,27 November 2019 03:15,1016,951,All Island
2510,27 November 2019 03:30,1024,896,All Island
2511,27 November 2019 03:45,1033,880,All Island
2512,27 November 2019 04:00,1032,848,All Island
2513,27 November 2019 04:15,1022,803,All Island
2514,27 November 2019 04:30,1011,769,All Island
2515,27 November 2019 04:45,1001,716,All Island
2516,27 November 2019 05:00,983,710,All Island
2517,27 November 2019 05:15,959,709,All Island
2518,27 November 2019 05:30,936,676,All Island
2519,27 November 2019 05:45,912,653,All Island
2520,27 November 2019 06:00,749,651,All Island
2521,27 November 2019 06:15,708,629,All Island
2522,27 November 2019 06:30,667,629,All Island
2523,27 November 2019 06:45,626,564,All Island
2524,27 November 2019 07:00,597,538,All Island
2525,27 November 2019 07:15,580,523,All Island
2526,27 November 2019 07:30,563,508,All Island
2527,27 November 2019 07:45,546,470,All Island
2528,27 November 2019 08:00,521,424,All Island
2529,27 November 2019 08:15,501,400,All Island
2530,27 November 2019 08:30,481,392,All Island
2531,27 November 2019 08:45,461,370,All Island
2532,27 November 2019 09:00,440,338,All Island
2533,27 November 2019 09:15,416,310,All Island
2534,27 November 2019 09:30,393,297,All Island
2535,27 November 2019 09:45,370,264,All Island
2536,27 November 2019 10:00,350,231,All Island
2537,27 November 2019 10:15,333,214,All Island
2538,27 November 2019 10:30,315,208,All Island
2539,27 November 2019 10:45,298,195,All Island
2540,27 November 2019 11:00,286,186,All Island
2541,27 November 2019 11:15,279,189,All Island
2542,27 November 2019 11:30,273,178,All Island
2543,27 November 2019 11:45,266,165,All Island
2544,27 November 2019 12:00,246,175,All Island
2545,27 November 2019 12:15,240,171,All Island
2546,27 November 2019 12:30,233,155,All Island
2547,27 November 2019 12:45,227,148,All Island
2548,27 November 2019 13:00,225,153,All Island
2549,27 November 2019 13:15,229,142,All Island
2550,27 November 2019 13:30,232,149,All Island
2551,27 November 2019 13:45,236,158,All Island
2552,27 November 2019 14:00,238,177,All Island
2553,27 November 2019 14:15,240,178,All Island
2554,27 November 2019 14:30,241,166,All Island
2555,27 November 2019 14:45,242,164,All Island
2556,27 November 2019 15:00,245,173,All Island
2557,27 November 2019 15:15,249,172,All Island
2558,27 November 2019 15:30,253,183,All Island
2559,27 November 2019 15:45,257,182,All Island
2560,27 November 2019 16:00,260,198,All Island
2561,27 November 2019 16:15,262,199,All Island
2562,27 November 2019 16:30,264,200,All Island
2563,27 November 2019 16:45,266,203,All Island
2564,27 November 2019 17:00,265,192,All Island
2565,27 November 2019 17:15,262,190,All Island
2566,27 November 2019 17:30,258,196,All Island
2567,27 November 2019 17:45,254,185,All Island
2568,27 November 2019 18:00,186,176,All Island
2569,27 November 2019 18:15,183,178,All Island
2570,27 November 2019 18:30,180,188,All Island
2571,27 November 2019 18:45,177,180,All Island
2572,27 November 2019 19:00,176,184,All Island
2573,27 November 2019 19:15,180,183,All Island
2574,27 November 2019 19:30,183,200,All Island
2575,27 November 2019 19:45,186,224,All Island
2576,27 November 2019 20:00,190,255,All Island
2577,27 November 2019 20:15,195,253,All Island
2578,27 November 2019 20:30,201,262,All Island
2579,27 November 2019 20:45,206,262,All Island
2580,27 November 2019 21:00,213,272,All Island
2581,27 November 2019 21:15,224,269,All Island
2582,27 November 2019 21:30,234,286,All Island
2583,27 November 2019 21:45,244,273,All Island
2584,27 November 2019 22:00,252,271,All Island
2585,27 November 2019 22:15,258,268,All Island
2586,27 November 2019 22:30,264,281,All Island
2587,27 November 2019 22:45,269,297,All Island
2588,27 November 2019 23:00,274,283,All Island
2589,27 November 2019 23:15,279,280,All Island
2590,27 November 2019 23:30,283,281,All Island
2591,27 November 2019 23:45,288,274,All Island
2592,28 November 2019 00:00,286,256,All Island
2593,28 November 2019 00:15,288,272,All Island
2594,28 November 2019 00:30,290,268,All Island
2595,28 November 2019 00:45,292,270,All Island
2596,28 November 2019 01:00,298,269,All Island
2597,28 November 2019 01:15,308,261,All Island
2598,28 November 2019 01:30,318,275,All Island
2599,28 November 2019 01:45,329,273,All Island
2600,28 November 2019 02:00,340,265,All Island
2601,28 November 2019 02:15,354,265,All Island
2602,28 November 2019 02:30,367,265,All Island
2603,28 November 2019 02:45,381,281,All Island
2604,28 November 2019 03:00,393,281,All Island
2605,28 November 2019 03:15,403,275,All Island
2606,28 November 2019 03:30,414,279,All Island
2607,28 November 2019 03:45,424,305,All Island
2608,28 November 2019 04:00,429,292,All Island
2609,28 November 2019 04:15,428,288,All Island
2610,28 November 2019 04:30,426,287,All Island
2611,28 November 2019 04:45,425,285,All Island
2612,28 November 2019 05:00,424,297,All Island
2613,28 November 2019 05:15,422,306,All Island
2614,28 November 2019 05:30,421,313,All Island
2615,28 November 2019 05:45,419,300,All Island
2616,28 November 2019 06:00,327,305,All Island
2617,28 November 2019 06:15,320,295,All Island
2618,28 November 2019 06:30,314,302,All Island
2619,28 November 2019 06:45,307,293,All Island
2620,28 November 2019 07:00,310,293,All Island
2621,28 November 2019 07:15,323,312,All Island
2622,28 November 2019 07:30,335,330,All Island
2623,28 November 2019 07:45,348,323,All Island
2624,28 November 2019 08:00,359,317,All Island
2625,28 November 2019 08:15,368,315,All Island
2626,28 November 2019 08:30,378,299,All Island
2627,28 November 2019 08:45,387,295,All Island
2628,28 November 2019 09:00,391,300,All Island
2629,28 November 2019 09:15,391,272,All Island
2630,28 November 2019 09:30,390,253,All Island
2631,28 November 2019 09:45,389,252,All Island
2632,28 November 2019 10:00,391,251,All Island
2633,28 November 2019 10:15,396,239,All Island
2634,28 November 2019 10:30,401,222,All Island
2635,28 November 2019 10:45,406,224,All Island
2636,28 November 2019 11:00,416,218,All Island
2637,28 November 2019 11:15,432,232,All Island
2638,28 November 2019 11:30,447,257,All Island
2639,28 November 2019 11:45,463,262,All Island
2640,28 November 2019 12:00,374,256,All Island
2641,28 November 2019 12:15,385,306,All Island
2642,28 November 2019 12:30,396,351,All Island
2643,28 November 2019 12:45,407,375,All Island
2644,28 November 2019 13:00,417,397,All Island
2645,28 November 2019 13:15,426,376,All Island
2646,28 November 2019 13:30,435,394,All Island
2647,28 November 2019 13:45,444,412,All Island
2648,28 November 2019 14:00,453,422,All Island
2649,28 November 2019 14:15,461,421,All Island
2650,28 November 2019 14:30,469,427,All Island
2651,28 November 2019 14:45,478,430,All Island
2652,28 November 2019 15:00,483,430,All Island
2653,28 November 2019 15:15,484,439,All Island
2654,28 November 2019 15:30,485,440,All Island
2655,28 November 2019 15:45,487,446,All Island
2656,28 November 2019 16:00,487,442,All Island
2657,28 November 2019 16:15,487,424,All Island
2658,28 November 2019 16:30,488,401,All Island
2659,28 November 2019 16:45,488,406,All Island
2660,28 November 2019 17:00,492,423,All Island
2661,28 November 2019 17:15,498,442,All Island
2662,28 November 2019 17:30,505,454,All Island
2663,28 November 2019 17:45,512,460,All Island
2664,28 November 2019 18:00,520,473,All Island
2665,28 November 2019 18:15,526,479,All Island
2666,28 November 2019 18:30,533,483,All Island
2667,28 November 2019 18:45,540,458,All Island
2668,28 November 2019 19:00,543,496,All Island
2669,28 November 2019 19:15,542,521,All Island
2670,28 November 2019 19:30,541,504,All Island
2671,28 November 2019 19:45,540,532,All Island
2672,28 November 2019 20:00,543,531,All Island
2673,28 November 2019 20:15,550,531,All Island
2674,28 November 2019 20:30,557,527,All Island
2675,28 November 2019 20:45,563,518,All Island
2676,28 November 2019 21:00,562,497,All Island
2677,28 November 2019 21:15,553,499,All Island
2678,28 November 2019 21:30,544,501,All Island
2679,28 November 2019 21:45,534,496,All Island
2680,28 November 2019 22:00,528,480,All Island
2681,28 November 2019 22:15,524,457,All Island
2682,28 November 2019 22:30,521,436,All Island
2683,28 November 2019 22:45,517,426,All Island
2684,28 November 2019 23:00,516,419,All Island
2685,28 November 2019 23:15,516,424,All Island
2686,28 November 2019 23:30,516,425,All Island
2687,28 November 2019 23:45,516,418,All Island
2688,29 November 2019 00:00,427,400,All Island
2689,29 November 2019 00:15,425,402,All Island
2690,29 November 2019 00:30,423,390,All Island
2691,29 November 2019 00:45,422,382,All Island
2692,29 November 2019 01:00,420,359,All Island
2693,29 November 2019 01:15,419,358,All Island
2694,29 November 2019 01:30,418,346,All Island
2695,29 November 2019 01:45,417,342,All Island
2696,29 November 2019 02:00,418,333,All Island
2697,29 November 2019 02:15,419,336,All Island
2698,29 November 2019 02:30,420,321,All Island
2699,29 November 2019 02:45,421,305,All Island
2700,29 November 2019 03:00,420,288,All Island
2701,29 November 2019 03:15,418,294,All Island
2702,29 November 2019 03:30,415,285,All Island
2703,29 November 2019 03:45,413,274,All Island
2704,29 November 2019 04:00,411,268,All Island
2705,29 November 2019 04:15,410,281,All Island
2706,29 November 2019 04:30,409,273,All Island
2707,29 November 2019 04:45,409,275,All Island
2708,29 November 2019 05:00,411,281,All Island
2709,29 November 2019 05:15,416,296,All Island
2710,29 November 2019 05:30,421,305,All Island
2711,29 November 2019 05:45,426,303,All Island
2712,29 November 2019 06:00,350,317,All Island
2713,29 November 2019 06:15,348,334,All Island
2714,29 November 2019 06:30,346,353,All Island
2715,29 November 2019 06:45,343,372,All Island
2716,29 November 2019 07:00,346,369,All Island
2717,29 November 2019 07:15,355,398,All Island
2718,29 November 2019 07:30,364,441,All Island
2719,29 November 2019 07:45,372,459,All Island
2720,29 November 2019 08:00,380,468,All Island
2721,29 November 2019 08:15,388,509,All Island
2722,29 November 2019 08:30,395,545,All Island
2723,29 November 2019 08:45,402,542,All Island
2724,29 November 2019 09:00,411,561,All Island
2725,29 November 2019 09:15,421,582,All Island
2726,29 November 2019 09:30,432,572,All Island
2727,29 November 2019 09:45,442,567,All Island
2728,29 November 2019 10:00,445,558,All Island
2729,29 November 2019 10:15,443,564,All Island
2730,29 November 2019 10:30,440,561,All Island
2731,29 November 2019 10:45,437,540,All Island
2732,29 November 2019 11:00,431,533,All Island
2733,29 November 2019 11:15,421,524,All Island
2734,29 November 2019 11:30,412,518,All Island
2735,29 November 2019 11:45,402,503,All Island
2736,29 November 2019 12:00,343,488,All Island
2737,29 November 2019 12:15,338,472,All Island
2738,29 November 2019 12:30,334,482,All Island
2739,29 November 2019 12:45,330,506,All Island
2740,29 November 2019 13:00,338,546,All Island
2741,29 November 2019 13:15,358,559,All Island
2742,29 November 2019 13:30,377,556,All Island
2743,29 November 2019 13:45,397,602,All Island
2744,29 November 2019 14:00,428,597,All Island
2745,29 November 2019 14:15,469,596,All Island
2746,29 November 2019 14:30,511,638,All Island
2747,29 November 2019 14:45,552,639,All Island
2748,29 November 2019 15:00,591,662,All Island
2749,29 November 2019 15:15,626,680,All Island
2750,29 November 2019 15:30,662,751,All Island
2751,29 November 2019 15:45,697,834,All Island
2752,29 November 2019 16:00,749,880,All Island
2753,29 November 2019 16:15,818,932,All Island
2754,29 November 2019 16:30,886,1045,All Island
2755,29 November 2019 16:45,955,1062,All Island
2756,29 November 2019 17:00,1013,1103,All Island
2757,29 November 2019 17:15,1059,1217,All Island
2758,29 November 2019 17:30,1105,1296,All Island
2759,29 November 2019 17:45,1152,1398,All Island
2760,29 November 2019 18:00,1170,1489,All Island
2761,29 November 2019 18:15,1203,1512,All Island
2762,29 November 2019 18:30,1236,1577,All Island
2763,29 November 2019 18:45,1269,1612,All Island
2764,29 November 2019 19:00,1294,1706,All Island
2765,29 November 2019 19:15,1310,1775,All Island
2766,29 November 2019 19:30,1326,1819,All Island
2767,29 November 2019 19:45,1343,1861,All Island
2768,29 November 2019 20:00,1368,1850,All Island
2769,29 November 2019 20:15,1402,1844,All Island
2770,29 November 2019 20:30,1436,1882,All Island
2771,29 November 2019 20:45,1470,1938,All Island
2772,29 November 2019 21:00,1507,2008,All Island
2773,29 November 2019 21:15,1547,2000,All Island
2774,29 November 2019 21:30,1586,2047,All Island
2775,29 November 2019 21:45,1626,2073,All Island
2776,29 November 2019 22:00,1663,2112,All Island
2777,29 November 2019 22:15,1697,2181,All Island
2778,29 November 2019 22:30,1732,2271,All Island
2779,29 November 2019 22:45,1766,2286,All Island
2780,29 November 2019 23:00,1800,2432,All Island
2781,29 November 2019 23:15,1833,2487,All Island
2782,29 November 2019 23:30,1866,2528,All Island
2783,29 November 2019 23:45,1899,2523,All Island
2784,30 November 2019 00:00,1949,2583,All Island
2785,30 November 2019 00:15,1967,2572,All Island
2786,30 November 2019 00:30,1984,2557,All Island
2787,30 November 2019 00:45,2001,2585,All Island
2788,30 November 2019 01:00,2023,2563,All Island
2789,30 November 2019 01:15,2049,2628,All Island
2790,30 November 2019 01:30,2075,2661,All Island
2791,30 November 2019 01:45,2102,2685,All Island
2792,30 November 2019 02:00,2129,2604,All Island
2793,30 November 2019 02:15,2158,2555,All Island
2794,30 November 2019 02:30,2187,2455,All Island
2795,30 November 2019 02:45,2217,2472,All Island
2796,30 November 2019 03:00,2244,2450,All Island
2797,30 November 2019 03:15,2271,2439,All Island
2798,30 November 2019 03:30,2297,2418,All Island
2799,30 November 2019 03:45,2324,2408,All Island
2800,30 November 2019 04:00,2356,2391,All Island
2801,30 November 2019 04:15,2395,2403,All Island
2802,30 November 2019 04:30,2434,2398,All Island
2803,30 November 2019 04:45,2473,2396,All Island
2804,30 November 2019 05:00,2502,2401,All Island
2805,30 November 2019 05:15,2522,2426,All Island
2806,30 November 2019 05:30,2541,2471,All Island
2807,30 November 2019 05:45,2560,2470,All Island
2808,30 November 2019 06:00,2561,2487,All Island
2809,30 November 2019 06:15,2571,2487,All Island
2810,30 November 2019 06:30,2581,2486,All Island
2811,30 November 2019 06:45,2591,2453,All Island
2812,30 November 2019 07:00,2599,2456,All Island
2813,30 November 2019 07:15,2605,2455,All Island
2814,30 November 2019 07:30,2611,2532,All Island
2815,30 November 2019 07:45,2617,2487,All Island
2816,30 November 2019 08:00,2629,2560,All Island
2817,30 November 2019 08:15,2646,2620,All Island
2818,30 November 2019 08:30,2662,2609,All Island
2819,30 November 2019 08:45,2679,2631,All Island
2820,30 November 2019 09:00,2685,2657,All Island
2821,30 November 2019 09:15,2681,2622,All Island
2822,30 November 2019 09:30,2677,2602,All Island
2823,30 November 2019 09:45,2673,2626,All Island
2824,30 November 2019 10:00,2658,2582,All Island
2825,30 November 2019 10:15,2633,2529,All Island
2826,30 November 2019 10:30,2607,2572,All Island
2827,30 November 2019 10:45,2581,2513,All Island
2828,30 November 2019 11:00,2560,2509,All Island
2829,30 November 2019 11:15,2543,2466,All Island
2830,30 November 2019 11:30,2526,2459,All Island
2831,30 November 2019 11:45,2509,2367,All Island
2832,30 November 2019 12:00,2212,2388,All Island
2833,30 November 2019 12:15,2164,2367,All Island
2834,30 November 2019 12:30,2115,2274,All Island
2835,30 November 2019 12:45,2067,2289,All Island
2836,30 November 2019 13:00,2025,2243,All Island
2837,30 November 2019 13:15,1990,2193,All Island
2838,30 November 2019 13:30,1955,2135,All Island
2839,30 November 2019 13:45,1921,2057,All Island
2840,30 November 2019 14:00,1884,2028,All Island
2841,30 November 2019 14:15,1846,1980,All Island
2842,30 November 2019 14:30,1808,1927,All Island
2843,30 November 2019 14:45,1770,1932,All Island
2844,30 November 2019 15:00,1736,1825,All Island
2845,30 November 2019 15:15,1707,1797,All Island
2846,30 November 2019 15:30,1677,1793,All Island
2847,30 November 2019 15:45,1647,1736,All Island
2848,30 November 2019 16:00,1615,1718,All Island
2849,30 November 2019 16:15,1581,1654,All Island
2850,30 November 2019 16:30,1546,1632,All Island
2851,30 November 2019 16:45,1512,1629,All Island
2852,30 November 2019 17:00,1480,1579,All Island
2853,30 November 2019 17:15,1452,1529,All Island
2854,30 November 2019 17:30,1424,1496,All Island
2855,30 November 2019 17:45,1395,1444,All Island
2856,30 November 2019 18:00,1341,1349,All Island
2857,30 November 2019 18:15,1277,1310,All Island
2858,30 November 2019 18:30,1213,1236,All Island
2859,30 November 2019 18:45,1149,1144,All Island
2860,30 November 2019 19:00,1089,1112,All Island
2861,30 November 2019 19:15,1033,1009,All Island
2862,30 November 2019 19:30,976,984,All Island
2863,30 November 2019 19:45,920,916,All Island
2864,30 November 2019 20:00,877,934,All Island
2865,30 November 2019 20:15,847,937,All Island
2866,30 November 2019 20:30,817,911,All Island
2867,30 November 2019 20:45,787,892,All Island
2868,30 November 2019 21:00,757,836,All Island
2869,30 November 2019 21:15,728,844,All Island
2870,30 November 2019 21:30,699,804,All Island
2871,30 November 2019 21:45,669,768,All Island
2872,30 November 2019 22:00,642,731,All Island
2873,30 November 2019 22:15,617,686,All Island
2874,30 November 2019 22:30,591,636,All Island
2875,30 November 2019 22:45,566,558,All Island
2876,30 November 2019 23:00,545,536,All Island
2877,30 November 2019 23:15,529,492,All Island
2878,30 November 2019 23:30,514,431,All Island
2879,30 November 2019 23:45,498,398,All Island
