,DATE & TIME, ACTUAL GENERATION(MW), REGION
0,1 November 2018 00:00,761,Northern Ireland
1,1 November 2018 00:15,737,Northern Ireland
2,1 November 2018 00:30,717,Northern Ireland
3,1 November 2018 00:45,700,Northern Ireland
4,1 November 2018 01:00,699,Northern Ireland
5,1 November 2018 01:15,703,Northern Ireland
6,1 November 2018 01:30,702,Northern Ireland
7,1 November 2018 01:45,697,Northern Ireland
8,1 November 2018 02:00,688,Northern Ireland
9,1 November 2018 02:15,686,Northern Ireland
10,1 November 2018 02:30,676,Northern Ireland
11,1 November 2018 02:45,672,Northern Ireland
12,1 November 2018 03:00,659,Northern Ireland
13,1 November 2018 03:15,657,Northern Ireland
14,1 November 2018 03:30,653,Northern Ireland
15,1 November 2018 03:45,649,Northern Ireland
16,1 November 2018 04:00,649,Northern Ireland
17,1 November 2018 04:15,653,Northern Ireland
18,1 November 2018 04:30,655,Northern Ireland
19,1 November 2018 04:45,654,Northern Ireland
20,1 November 2018 05:00,661,Northern Ireland
21,1 November 2018 05:15,677,Northern Ireland
22,1 November 2018 05:30,682,Northern Ireland
23,1 November 2018 05:45,703,Northern Ireland
24,1 November 2018 06:00,730,Northern Ireland
25,1 November 2018 06:15,788,Northern Ireland
26,1 November 2018 06:30,819,Northern Ireland
27,1 November 2018 06:45,860,Northern Ireland
28,1 November 2018 07:00,899,Northern Ireland
29,1 November 2018 07:15,942,Northern Ireland
30,1 November 2018 07:30,967,Northern Ireland
31,1 November 2018 07:45,1003,Northern Ireland
32,1 November 2018 08:00,1026,Northern Ireland
33,1 November 2018 08:15,1061,Northern Ireland
34,1 November 2018 08:30,1087,Northern Ireland
35,1 November 2018 08:45,1108,Northern Ireland
36,1 November 2018 09:00,1099,Northern Ireland
37,1 November 2018 09:15,1078,Northern Ireland
38,1 November 2018 09:30,1082,Northern Ireland
39,1 November 2018 09:45,1079,Northern Ireland
40,1 November 2018 10:00,1076,Northern Ireland
41,1 November 2018 10:15,1071,Northern Ireland
42,1 November 2018 10:30,1060,Northern Ireland
43,1 November 2018 10:45,1043,Northern Ireland
44,1 November 2018 11:00,1056,Northern Ireland
45,1 November 2018 11:15,1047,Northern Ireland
46,1 November 2018 11:30,1039,Northern Ireland
47,1 November 2018 11:45,1048,Northern Ireland
48,1 November 2018 12:00,1037,Northern Ireland
49,1 November 2018 12:15,1044,Northern Ireland
50,1 November 2018 12:30,1072,Northern Ireland
51,1 November 2018 12:45,1059,Northern Ireland
52,1 November 2018 13:00,1061,Northern Ireland
53,1 November 2018 13:15,1041,Northern Ireland
54,1 November 2018 13:30,1040,Northern Ireland
55,1 November 2018 13:45,1037,Northern Ireland
56,1 November 2018 14:00,1050,Northern Ireland
57,1 November 2018 14:15,1069,Northern Ireland
58,1 November 2018 14:30,1070,Northern Ireland
59,1 November 2018 14:45,1080,Northern Ireland
60,1 November 2018 15:00,1090,Northern Ireland
61,1 November 2018 15:15,1099,Northern Ireland
62,1 November 2018 15:30,1101,Northern Ireland
63,1 November 2018 15:45,1111,Northern Ireland
64,1 November 2018 16:00,1144,Northern Ireland
65,1 November 2018 16:15,1178,Northern Ireland
66,1 November 2018 16:30,1208,Northern Ireland
67,1 November 2018 16:45,1214,Northern Ireland
68,1 November 2018 17:00,1272,Northern Ireland
69,1 November 2018 17:15,1329,Northern Ireland
70,1 November 2018 17:30,1365,Northern Ireland
71,1 November 2018 17:45,1370,Northern Ireland
72,1 November 2018 18:00,1365,Northern Ireland
73,1 November 2018 18:15,1349,Northern Ireland
74,1 November 2018 18:30,1323,Northern Ireland
75,1 November 2018 18:45,1301,Northern Ireland
76,1 November 2018 19:00,1276,Northern Ireland
77,1 November 2018 19:15,1254,Northern Ireland
78,1 November 2018 19:30,1235,Northern Ireland
79,1 November 2018 19:45,1219,Northern Ireland
80,1 November 2018 20:00,1193,Northern Ireland
81,1 November 2018 20:15,1163,Northern Ireland
82,1 November 2018 20:30,1139,Northern Ireland
83,1 November 2018 20:45,1117,Northern Ireland
84,1 November 2018 21:00,1110,Northern Ireland
85,1 November 2018 21:15,1078,Northern Ireland
86,1 November 2018 21:30,1052,Northern Ireland
87,1 November 2018 21:45,1043,Northern Ireland
88,1 November 2018 22:00,1018,Northern Ireland
89,1 November 2018 22:15,984,Northern Ireland
90,1 November 2018 22:30,945,Northern Ireland
91,1 November 2018 22:45,899,Northern Ireland
92,1 November 2018 23:00,862,Northern Ireland
93,1 November 2018 23:15,826,Northern Ireland
94,1 November 2018 23:30,796,Northern Ireland
95,1 November 2018 23:45,760,Northern Ireland
96,2 November 2018 00:00,734,Northern Ireland
97,2 November 2018 00:15,718,Northern Ireland
98,2 November 2018 00:30,690,Northern Ireland
99,2 November 2018 00:45,678,Northern Ireland
100,2 November 2018 01:00,673,Northern Ireland
101,2 November 2018 01:15,689,Northern Ireland
102,2 November 2018 01:30,677,Northern Ireland
103,2 November 2018 01:45,671,Northern Ireland
104,2 November 2018 02:00,669,Northern Ireland
105,2 November 2018 02:15,658,Northern Ireland
106,2 November 2018 02:30,653,Northern Ireland
107,2 November 2018 02:45,645,Northern Ireland
108,2 November 2018 03:00,643,Northern Ireland
109,2 November 2018 03:15,646,Northern Ireland
110,2 November 2018 03:30,645,Northern Ireland
111,2 November 2018 03:45,637,Northern Ireland
112,2 November 2018 04:00,634,Northern Ireland
113,2 November 2018 04:15,637,Northern Ireland
114,2 November 2018 04:30,644,Northern Ireland
115,2 November 2018 04:45,646,Northern Ireland
116,2 November 2018 05:00,650,Northern Ireland
117,2 November 2018 05:15,662,Northern Ireland
118,2 November 2018 05:30,673,Northern Ireland
119,2 November 2018 05:45,698,Northern Ireland
120,2 November 2018 06:00,723,Northern Ireland
121,2 November 2018 06:15,764,Northern Ireland
122,2 November 2018 06:30,799,Northern Ireland
123,2 November 2018 06:45,850,Northern Ireland
124,2 November 2018 07:00,892,Northern Ireland
125,2 November 2018 07:15,942,Northern Ireland
126,2 November 2018 07:30,977,Northern Ireland
127,2 November 2018 07:45,1013,Northern Ireland
128,2 November 2018 08:00,1032,Northern Ireland
129,2 November 2018 08:15,1070,Northern Ireland
130,2 November 2018 08:30,1096,Northern Ireland
131,2 November 2018 08:45,1124,Northern Ireland
132,2 November 2018 09:00,1144,Northern Ireland
133,2 November 2018 09:15,1160,Northern Ireland
134,2 November 2018 09:30,1152,Northern Ireland
135,2 November 2018 09:45,1140,Northern Ireland
136,2 November 2018 10:00,1125,Northern Ireland
137,2 November 2018 10:15,1113,Northern Ireland
138,2 November 2018 10:30,1102,Northern Ireland
139,2 November 2018 10:45,1109,Northern Ireland
140,2 November 2018 11:00,1114,Northern Ireland
141,2 November 2018 11:15,1099,Northern Ireland
142,2 November 2018 11:30,1108,Northern Ireland
143,2 November 2018 11:45,1124,Northern Ireland
144,2 November 2018 12:00,1153,Northern Ireland
145,2 November 2018 12:15,1172,Northern Ireland
146,2 November 2018 12:30,1171,Northern Ireland
147,2 November 2018 12:45,1187,Northern Ireland
148,2 November 2018 13:00,1181,Northern Ireland
149,2 November 2018 13:15,1164,Northern Ireland
150,2 November 2018 13:30,1158,Northern Ireland
151,2 November 2018 13:45,1158,Northern Ireland
152,2 November 2018 14:00,1149,Northern Ireland
153,2 November 2018 14:15,1156,Northern Ireland
154,2 November 2018 14:30,1137,Northern Ireland
155,2 November 2018 14:45,1143,Northern Ireland
156,2 November 2018 15:00,1146,Northern Ireland
157,2 November 2018 15:15,1155,Northern Ireland
158,2 November 2018 15:30,1152,Northern Ireland
159,2 November 2018 15:45,1145,Northern Ireland
160,2 November 2018 16:00,1163,Northern Ireland
161,2 November 2018 16:15,1180,Northern Ireland
162,2 November 2018 16:30,1201,Northern Ireland
163,2 November 2018 16:45,1244,Northern Ireland
164,2 November 2018 17:00,1297,Northern Ireland
165,2 November 2018 17:15,1341,Northern Ireland
166,2 November 2018 17:30,1348,Northern Ireland
167,2 November 2018 17:45,1335,Northern Ireland
168,2 November 2018 18:00,1315,Northern Ireland
169,2 November 2018 18:15,1284,Northern Ireland
170,2 November 2018 18:30,1266,Northern Ireland
171,2 November 2018 18:45,1229,Northern Ireland
172,2 November 2018 19:00,1191,Northern Ireland
173,2 November 2018 19:15,1156,Northern Ireland
174,2 November 2018 19:30,1131,Northern Ireland
175,2 November 2018 19:45,1124,Northern Ireland
176,2 November 2018 20:00,1101,Northern Ireland
177,2 November 2018 20:15,1063,Northern Ireland
178,2 November 2018 20:30,1042,Northern Ireland
179,2 November 2018 20:45,1024,Northern Ireland
180,2 November 2018 21:00,986,Northern Ireland
181,2 November 2018 21:15,992,Northern Ireland
182,2 November 2018 21:30,958,Northern Ireland
183,2 November 2018 21:45,928,Northern Ireland
184,2 November 2018 22:00,902,Northern Ireland
185,2 November 2018 22:15,871,Northern Ireland
186,2 November 2018 22:30,843,Northern Ireland
187,2 November 2018 22:45,817,Northern Ireland
188,2 November 2018 23:00,776,Northern Ireland
189,2 November 2018 23:15,742,Northern Ireland
190,2 November 2018 23:30,714,Northern Ireland
191,2 November 2018 23:45,693,Northern Ireland
192,3 November 2018 00:00,671,Northern Ireland
193,3 November 2018 00:15,634,Northern Ireland
194,3 November 2018 00:30,620,Northern Ireland
195,3 November 2018 00:45,598,Northern Ireland
196,3 November 2018 01:00,592,Northern Ireland
197,3 November 2018 01:15,595,Northern Ireland
198,3 November 2018 01:30,593,Northern Ireland
199,3 November 2018 01:45,578,Northern Ireland
200,3 November 2018 02:00,557,Northern Ireland
201,3 November 2018 02:15,549,Northern Ireland
202,3 November 2018 02:30,538,Northern Ireland
203,3 November 2018 02:45,526,Northern Ireland
204,3 November 2018 03:00,522,Northern Ireland
205,3 November 2018 03:15,522,Northern Ireland
206,3 November 2018 03:30,514,Northern Ireland
207,3 November 2018 03:45,509,Northern Ireland
208,3 November 2018 04:00,508,Northern Ireland
209,3 November 2018 04:15,509,Northern Ireland
210,3 November 2018 04:30,504,Northern Ireland
211,3 November 2018 04:45,504,Northern Ireland
212,3 November 2018 05:00,505,Northern Ireland
213,3 November 2018 05:15,511,Northern Ireland
214,3 November 2018 05:30,513,Northern Ireland
215,3 November 2018 05:45,515,Northern Ireland
216,3 November 2018 06:00,529,Northern Ireland
217,3 November 2018 06:15,561,Northern Ireland
218,3 November 2018 06:30,578,Northern Ireland
219,3 November 2018 06:45,599,Northern Ireland
220,3 November 2018 07:00,618,Northern Ireland
221,3 November 2018 07:15,653,Northern Ireland
222,3 November 2018 07:30,675,Northern Ireland
223,3 November 2018 07:45,705,Northern Ireland
224,3 November 2018 08:00,734,Northern Ireland
225,3 November 2018 08:15,762,Northern Ireland
226,3 November 2018 08:30,799,Northern Ireland
227,3 November 2018 08:45,823,Northern Ireland
228,3 November 2018 09:00,860,Northern Ireland
229,3 November 2018 09:15,891,Northern Ireland
230,3 November 2018 09:30,913,Northern Ireland
231,3 November 2018 09:45,915,Northern Ireland
232,3 November 2018 10:00,914,Northern Ireland
233,3 November 2018 10:15,933,Northern Ireland
234,3 November 2018 10:30,936,Northern Ireland
235,3 November 2018 10:45,945,Northern Ireland
236,3 November 2018 11:00,947,Northern Ireland
237,3 November 2018 11:15,945,Northern Ireland
238,3 November 2018 11:30,911,Northern Ireland
239,3 November 2018 11:45,918,Northern Ireland
240,3 November 2018 12:00,917,Northern Ireland
241,3 November 2018 12:15,913,Northern Ireland
242,3 November 2018 12:30,913,Northern Ireland
243,3 November 2018 12:45,903,Northern Ireland
244,3 November 2018 13:00,905,Northern Ireland
245,3 November 2018 13:15,882,Northern Ireland
246,3 November 2018 13:30,878,Northern Ireland
247,3 November 2018 13:45,872,Northern Ireland
248,3 November 2018 14:00,868,Northern Ireland
249,3 November 2018 14:15,877,Northern Ireland
250,3 November 2018 14:30,879,Northern Ireland
251,3 November 2018 14:45,872,Northern Ireland
252,3 November 2018 15:00,885,Northern Ireland
253,3 November 2018 15:15,894,Northern Ireland
254,3 November 2018 15:30,893,Northern Ireland
255,3 November 2018 15:45,897,Northern Ireland
256,3 November 2018 16:00,920,Northern Ireland
257,3 November 2018 16:15,946,Northern Ireland
258,3 November 2018 16:30,970,Northern Ireland
259,3 November 2018 16:45,998,Northern Ireland
260,3 November 2018 17:00,1067,Northern Ireland
261,3 November 2018 17:15,1108,Northern Ireland
262,3 November 2018 17:30,1109,Northern Ireland
263,3 November 2018 17:45,1107,Northern Ireland
264,3 November 2018 18:00,1084,Northern Ireland
265,3 November 2018 18:15,1055,Northern Ireland
266,3 November 2018 18:30,1040,Northern Ireland
267,3 November 2018 18:45,1011,Northern Ireland
268,3 November 2018 19:00,990,Northern Ireland
269,3 November 2018 19:15,1024,Northern Ireland
270,3 November 2018 19:30,1001,Northern Ireland
271,3 November 2018 19:45,987,Northern Ireland
272,3 November 2018 20:00,966,Northern Ireland
273,3 November 2018 20:15,932,Northern Ireland
274,3 November 2018 20:30,909,Northern Ireland
275,3 November 2018 20:45,906,Northern Ireland
276,3 November 2018 21:00,883,Northern Ireland
277,3 November 2018 21:15,856,Northern Ireland
278,3 November 2018 21:30,835,Northern Ireland
279,3 November 2018 21:45,820,Northern Ireland
280,3 November 2018 22:00,801,Northern Ireland
281,3 November 2018 22:15,779,Northern Ireland
282,3 November 2018 22:30,756,Northern Ireland
283,3 November 2018 22:45,738,Northern Ireland
284,3 November 2018 23:00,712,Northern Ireland
285,3 November 2018 23:15,692,Northern Ireland
286,3 November 2018 23:30,671,Northern Ireland
287,3 November 2018 23:45,658,Northern Ireland
288,4 November 2018 00:00,629,Northern Ireland
289,4 November 2018 00:15,615,Northern Ireland
290,4 November 2018 00:30,602,Northern Ireland
291,4 November 2018 00:45,591,Northern Ireland
292,4 November 2018 01:00,588,Northern Ireland
293,4 November 2018 01:15,595,Northern Ireland
294,4 November 2018 01:30,569,Northern Ireland
295,4 November 2018 01:45,556,Northern Ireland
296,4 November 2018 02:00,548,Northern Ireland
297,4 November 2018 02:15,538,Northern Ireland
298,4 November 2018 02:30,530,Northern Ireland
299,4 November 2018 02:45,527,Northern Ireland
300,4 November 2018 03:00,518,Northern Ireland
301,4 November 2018 03:15,520,Northern Ireland
302,4 November 2018 03:30,517,Northern Ireland
303,4 November 2018 03:45,504,Northern Ireland
304,4 November 2018 04:00,505,Northern Ireland
305,4 November 2018 04:15,513,Northern Ireland
306,4 November 2018 04:30,515,Northern Ireland
307,4 November 2018 04:45,509,Northern Ireland
308,4 November 2018 05:00,510,Northern Ireland
309,4 November 2018 05:15,525,Northern Ireland
310,4 November 2018 05:30,523,Northern Ireland
311,4 November 2018 05:45,526,Northern Ireland
312,4 November 2018 06:00,531,Northern Ireland
313,4 November 2018 06:15,556,Northern Ireland
314,4 November 2018 06:30,559,Northern Ireland
315,4 November 2018 06:45,578,Northern Ireland
316,4 November 2018 07:00,594,Northern Ireland
317,4 November 2018 07:15,603,Northern Ireland
318,4 November 2018 07:30,611,Northern Ireland
319,4 November 2018 07:45,628,Northern Ireland
320,4 November 2018 08:00,649,Northern Ireland
321,4 November 2018 08:15,657,Northern Ireland
322,4 November 2018 08:30,677,Northern Ireland
323,4 November 2018 08:45,699,Northern Ireland
324,4 November 2018 09:00,719,Northern Ireland
325,4 November 2018 09:15,753,Northern Ireland
326,4 November 2018 09:30,725,Northern Ireland
327,4 November 2018 09:45,742,Northern Ireland
328,4 November 2018 10:00,760,Northern Ireland
329,4 November 2018 10:15,756,Northern Ireland
330,4 November 2018 10:30,770,Northern Ireland
331,4 November 2018 10:45,777,Northern Ireland
332,4 November 2018 11:00,783,Northern Ireland
333,4 November 2018 11:15,810,Northern Ireland
334,4 November 2018 11:30,804,Northern Ireland
335,4 November 2018 11:45,817,Northern Ireland
336,4 November 2018 12:00,823,Northern Ireland
337,4 November 2018 12:15,831,Northern Ireland
338,4 November 2018 12:30,831,Northern Ireland
339,4 November 2018 12:45,841,Northern Ireland
340,4 November 2018 13:00,862,Northern Ireland
341,4 November 2018 13:15,865,Northern Ireland
342,4 November 2018 13:30,878,Northern Ireland
343,4 November 2018 13:45,873,Northern Ireland
344,4 November 2018 14:00,873,Northern Ireland
345,4 November 2018 14:15,872,Northern Ireland
346,4 November 2018 14:30,877,Northern Ireland
347,4 November 2018 14:45,887,Northern Ireland
348,4 November 2018 15:00,893,Northern Ireland
349,4 November 2018 15:15,911,Northern Ireland
350,4 November 2018 15:30,904,Northern Ireland
351,4 November 2018 15:45,913,Northern Ireland
352,4 November 2018 16:00,933,Northern Ireland
353,4 November 2018 16:15,953,Northern Ireland
354,4 November 2018 16:30,987,Northern Ireland
355,4 November 2018 16:45,1032,Northern Ireland
356,4 November 2018 17:00,1098,Northern Ireland
357,4 November 2018 17:15,1164,Northern Ireland
358,4 November 2018 17:30,1191,Northern Ireland
359,4 November 2018 17:45,1195,Northern Ireland
360,4 November 2018 18:00,1184,Northern Ireland
361,4 November 2018 18:15,1163,Northern Ireland
362,4 November 2018 18:30,1140,Northern Ireland
363,4 November 2018 18:45,1113,Northern Ireland
364,4 November 2018 19:00,1094,Northern Ireland
365,4 November 2018 19:15,1084,Northern Ireland
366,4 November 2018 19:30,1068,Northern Ireland
367,4 November 2018 19:45,1048,Northern Ireland
368,4 November 2018 20:00,1026,Northern Ireland
369,4 November 2018 20:15,1001,Northern Ireland
370,4 November 2018 20:30,986,Northern Ireland
371,4 November 2018 20:45,979,Northern Ireland
372,4 November 2018 21:00,961,Northern Ireland
373,4 November 2018 21:15,936,Northern Ireland
374,4 November 2018 21:30,903,Northern Ireland
375,4 November 2018 21:45,874,Northern Ireland
376,4 November 2018 22:00,850,Northern Ireland
377,4 November 2018 22:15,827,Northern Ireland
378,4 November 2018 22:30,858,Northern Ireland
379,4 November 2018 22:45,823,Northern Ireland
380,4 November 2018 23:00,780,Northern Ireland
381,4 November 2018 23:15,752,Northern Ireland
382,4 November 2018 23:30,721,Northern Ireland
383,4 November 2018 23:45,707,Northern Ireland
384,5 November 2018 00:00,687,Northern Ireland
385,5 November 2018 00:15,674,Northern Ireland
386,5 November 2018 00:30,655,Northern Ireland
387,5 November 2018 00:45,639,Northern Ireland
388,5 November 2018 01:00,635,Northern Ireland
389,5 November 2018 01:15,644,Northern Ireland
390,5 November 2018 01:30,641,Northern Ireland
391,5 November 2018 01:45,639,Northern Ireland
392,5 November 2018 02:00,634,Northern Ireland
393,5 November 2018 02:15,635,Northern Ireland
394,5 November 2018 02:30,626,Northern Ireland
395,5 November 2018 02:45,616,Northern Ireland
396,5 November 2018 03:00,616,Northern Ireland
397,5 November 2018 03:15,611,Northern Ireland
398,5 November 2018 03:30,612,Northern Ireland
399,5 November 2018 03:45,608,Northern Ireland
400,5 November 2018 04:00,611,Northern Ireland
401,5 November 2018 04:15,613,Northern Ireland
402,5 November 2018 04:30,613,Northern Ireland
403,5 November 2018 04:45,615,Northern Ireland
404,5 November 2018 05:00,622,Northern Ireland
405,5 November 2018 05:15,642,Northern Ireland
406,5 November 2018 05:30,661,Northern Ireland
407,5 November 2018 05:45,682,Northern Ireland
408,5 November 2018 06:00,724,Northern Ireland
409,5 November 2018 06:15,770,Northern Ireland
410,5 November 2018 06:30,800,Northern Ireland
411,5 November 2018 06:45,831,Northern Ireland
412,5 November 2018 07:00,879,Northern Ireland
413,5 November 2018 07:15,960,Northern Ireland
414,5 November 2018 07:30,985,Northern Ireland
415,5 November 2018 07:45,1035,Northern Ireland
416,5 November 2018 08:00,1060,Northern Ireland
417,5 November 2018 08:15,1088,Northern Ireland
418,5 November 2018 08:30,1089,Northern Ireland
419,5 November 2018 08:45,1097,Northern Ireland
420,5 November 2018 09:00,1112,Northern Ireland
421,5 November 2018 09:15,1130,Northern Ireland
422,5 November 2018 09:30,1134,Northern Ireland
423,5 November 2018 09:45,1142,Northern Ireland
424,5 November 2018 10:00,1141,Northern Ireland
425,5 November 2018 10:15,1139,Northern Ireland
426,5 November 2018 10:30,1144,Northern Ireland
427,5 November 2018 10:45,1144,Northern Ireland
428,5 November 2018 11:00,1151,Northern Ireland
429,5 November 2018 11:15,1141,Northern Ireland
430,5 November 2018 11:30,1145,Northern Ireland
431,5 November 2018 11:45,1152,Northern Ireland
432,5 November 2018 12:00,1158,Northern Ireland
433,5 November 2018 12:15,1162,Northern Ireland
434,5 November 2018 12:30,1166,Northern Ireland
435,5 November 2018 12:45,1161,Northern Ireland
436,5 November 2018 13:00,1157,Northern Ireland
437,5 November 2018 13:15,1140,Northern Ireland
438,5 November 2018 13:30,1113,Northern Ireland
439,5 November 2018 13:45,1112,Northern Ireland
440,5 November 2018 14:00,1098,Northern Ireland
441,5 November 2018 14:15,1094,Northern Ireland
442,5 November 2018 14:30,1099,Northern Ireland
443,5 November 2018 14:45,1096,Northern Ireland
444,5 November 2018 15:00,1105,Northern Ireland
445,5 November 2018 15:15,1112,Northern Ireland
446,5 November 2018 15:30,1132,Northern Ireland
447,5 November 2018 15:45,1142,Northern Ireland
448,5 November 2018 16:00,1154,Northern Ireland
449,5 November 2018 16:15,1198,Northern Ireland
450,5 November 2018 16:30,1240,Northern Ireland
451,5 November 2018 16:45,1292,Northern Ireland
452,5 November 2018 17:00,1369,Northern Ireland
453,5 November 2018 17:15,1383,Northern Ireland
454,5 November 2018 17:30,1396,Northern Ireland
455,5 November 2018 17:45,1374,Northern Ireland
456,5 November 2018 18:00,1352,Northern Ireland
457,5 November 2018 18:15,1297,Northern Ireland
458,5 November 2018 18:30,1273,Northern Ireland
459,5 November 2018 18:45,1240,Northern Ireland
460,5 November 2018 19:00,1226,Northern Ireland
461,5 November 2018 19:15,1204,Northern Ireland
462,5 November 2018 19:30,1188,Northern Ireland
463,5 November 2018 19:45,1168,Northern Ireland
464,5 November 2018 20:00,1165,Northern Ireland
465,5 November 2018 20:15,1095,Northern Ireland
466,5 November 2018 20:30,1074,Northern Ireland
467,5 November 2018 20:45,1055,Northern Ireland
468,5 November 2018 21:00,1037,Northern Ireland
469,5 November 2018 21:15,1001,Northern Ireland
470,5 November 2018 21:30,989,Northern Ireland
471,5 November 2018 21:45,952,Northern Ireland
472,5 November 2018 22:00,919,Northern Ireland
473,5 November 2018 22:15,925,Northern Ireland
474,5 November 2018 22:30,879,Northern Ireland
475,5 November 2018 22:45,843,Northern Ireland
476,5 November 2018 23:00,806,Northern Ireland
477,5 November 2018 23:15,766,Northern Ireland
478,5 November 2018 23:30,738,Northern Ireland
479,5 November 2018 23:45,717,Northern Ireland
480,6 November 2018 00:00,689,Northern Ireland
481,6 November 2018 00:15,657,Northern Ireland
482,6 November 2018 00:30,640,Northern Ireland
483,6 November 2018 00:45,627,Northern Ireland
484,6 November 2018 01:00,622,Northern Ireland
485,6 November 2018 01:15,631,Northern Ireland
486,6 November 2018 01:30,620,Northern Ireland
487,6 November 2018 01:45,614,Northern Ireland
488,6 November 2018 02:00,605,Northern Ireland
489,6 November 2018 02:15,587,Northern Ireland
490,6 November 2018 02:30,578,Northern Ireland
491,6 November 2018 02:45,573,Northern Ireland
492,6 November 2018 03:00,569,Northern Ireland
493,6 November 2018 03:15,567,Northern Ireland
494,6 November 2018 03:30,562,Northern Ireland
495,6 November 2018 03:45,559,Northern Ireland
496,6 November 2018 04:00,560,Northern Ireland
497,6 November 2018 04:15,562,Northern Ireland
498,6 November 2018 04:30,558,Northern Ireland
499,6 November 2018 04:45,557,Northern Ireland
500,6 November 2018 05:00,562,Northern Ireland
501,6 November 2018 05:15,579,Northern Ireland
502,6 November 2018 05:30,585,Northern Ireland
503,6 November 2018 05:45,607,Northern Ireland
504,6 November 2018 06:00,638,Northern Ireland
505,6 November 2018 06:15,706,Northern Ireland
506,6 November 2018 06:30,747,Northern Ireland
507,6 November 2018 06:45,796,Northern Ireland
508,6 November 2018 07:00,853,Northern Ireland
509,6 November 2018 07:15,940,Northern Ireland
510,6 November 2018 07:30,979,Northern Ireland
511,6 November 2018 07:45,1006,Northern Ireland
512,6 November 2018 08:00,1036,Northern Ireland
513,6 November 2018 08:15,1069,Northern Ireland
514,6 November 2018 08:30,1074,Northern Ireland
515,6 November 2018 08:45,1072,Northern Ireland
516,6 November 2018 09:00,1091,Northern Ireland
517,6 November 2018 09:15,1097,Northern Ireland
518,6 November 2018 09:30,1108,Northern Ireland
519,6 November 2018 09:45,1097,Northern Ireland
520,6 November 2018 10:00,1096,Northern Ireland
521,6 November 2018 10:15,1076,Northern Ireland
522,6 November 2018 10:30,1070,Northern Ireland
523,6 November 2018 10:45,1062,Northern Ireland
524,6 November 2018 11:00,1074,Northern Ireland
525,6 November 2018 11:15,1066,Northern Ireland
526,6 November 2018 11:30,1079,Northern Ireland
527,6 November 2018 11:45,1073,Northern Ireland
528,6 November 2018 12:00,1096,Northern Ireland
529,6 November 2018 12:15,1065,Northern Ireland
530,6 November 2018 12:30,1069,Northern Ireland
531,6 November 2018 12:45,1055,Northern Ireland
532,6 November 2018 13:00,1078,Northern Ireland
533,6 November 2018 13:15,1049,Northern Ireland
534,6 November 2018 13:30,1029,Northern Ireland
535,6 November 2018 13:45,1041,Northern Ireland
536,6 November 2018 14:00,1023,Northern Ireland
537,6 November 2018 14:15,1018,Northern Ireland
538,6 November 2018 14:30,1024,Northern Ireland
539,6 November 2018 14:45,1025,Northern Ireland
540,6 November 2018 15:00,1035,Northern Ireland
541,6 November 2018 15:15,1061,Northern Ireland
542,6 November 2018 15:30,1073,Northern Ireland
543,6 November 2018 15:45,1094,Northern Ireland
544,6 November 2018 16:00,1121,Northern Ireland
545,6 November 2018 16:15,1168,Northern Ireland
546,6 November 2018 16:30,1222,Northern Ireland
547,6 November 2018 16:45,1271,Northern Ireland
548,6 November 2018 17:00,1310,Northern Ireland
549,6 November 2018 17:15,1333,Northern Ireland
550,6 November 2018 17:30,1340,Northern Ireland
551,6 November 2018 17:45,1315,Northern Ireland
552,6 November 2018 18:00,1315,Northern Ireland
553,6 November 2018 18:15,1280,Northern Ireland
554,6 November 2018 18:30,1254,Northern Ireland
555,6 November 2018 18:45,1235,Northern Ireland
556,6 November 2018 19:00,1213,Northern Ireland
557,6 November 2018 19:15,1202,Northern Ireland
558,6 November 2018 19:30,1218,Northern Ireland
559,6 November 2018 19:45,1209,Northern Ireland
560,6 November 2018 20:00,1180,Northern Ireland
561,6 November 2018 20:15,1151,Northern Ireland
562,6 November 2018 20:30,1121,Northern Ireland
563,6 November 2018 20:45,1073,Northern Ireland
564,6 November 2018 21:00,1105,Northern Ireland
565,6 November 2018 21:15,1069,Northern Ireland
566,6 November 2018 21:30,1045,Northern Ireland
567,6 November 2018 21:45,1012,Northern Ireland
568,6 November 2018 22:00,987,Northern Ireland
569,6 November 2018 22:15,946,Northern Ireland
570,6 November 2018 22:30,912,Northern Ireland
571,6 November 2018 22:45,866,Northern Ireland
572,6 November 2018 23:00,833,Northern Ireland
573,6 November 2018 23:15,801,Northern Ireland
574,6 November 2018 23:30,766,Northern Ireland
575,6 November 2018 23:45,740,Northern Ireland
576,7 November 2018 00:00,720,Northern Ireland
577,7 November 2018 00:15,704,Northern Ireland
578,7 November 2018 00:30,685,Northern Ireland
579,7 November 2018 00:45,676,Northern Ireland
580,7 November 2018 01:00,678,Northern Ireland
581,7 November 2018 01:15,686,Northern Ireland
582,7 November 2018 01:30,677,Northern Ireland
583,7 November 2018 01:45,678,Northern Ireland
584,7 November 2018 02:00,654,Northern Ireland
585,7 November 2018 02:15,652,Northern Ireland
586,7 November 2018 02:30,645,Northern Ireland
587,7 November 2018 02:45,637,Northern Ireland
588,7 November 2018 03:00,636,Northern Ireland
589,7 November 2018 03:15,644,Northern Ireland
590,7 November 2018 03:30,640,Northern Ireland
591,7 November 2018 03:45,636,Northern Ireland
592,7 November 2018 04:00,641,Northern Ireland
593,7 November 2018 04:15,649,Northern Ireland
594,7 November 2018 04:30,652,Northern Ireland
595,7 November 2018 04:45,647,Northern Ireland
596,7 November 2018 05:00,652,Northern Ireland
597,7 November 2018 05:15,668,Northern Ireland
598,7 November 2018 05:30,681,Northern Ireland
599,7 November 2018 05:45,697,Northern Ireland
600,7 November 2018 06:00,720,Northern Ireland
601,7 November 2018 06:15,777,Northern Ireland
602,7 November 2018 06:30,802,Northern Ireland
603,7 November 2018 06:45,817,Northern Ireland
604,7 November 2018 07:00,880,Northern Ireland
605,7 November 2018 07:15,945,Northern Ireland
606,7 November 2018 07:30,1003,Northern Ireland
607,7 November 2018 07:45,1039,Northern Ireland
608,7 November 2018 08:00,1070,Northern Ireland
609,7 November 2018 08:15,1092,Northern Ireland
610,7 November 2018 08:30,1098,Northern Ireland
611,7 November 2018 08:45,1096,Northern Ireland
612,7 November 2018 09:00,1102,Northern Ireland
613,7 November 2018 09:15,1118,Northern Ireland
614,7 November 2018 09:30,1130,Northern Ireland
615,7 November 2018 09:45,1147,Northern Ireland
616,7 November 2018 10:00,1145,Northern Ireland
617,7 November 2018 10:15,1136,Northern Ireland
618,7 November 2018 10:30,1133,Northern Ireland
619,7 November 2018 10:45,1143,Northern Ireland
620,7 November 2018 11:00,1152,Northern Ireland
621,7 November 2018 11:15,1148,Northern Ireland
622,7 November 2018 11:30,1139,Northern Ireland
623,7 November 2018 11:45,1143,Northern Ireland
624,7 November 2018 12:00,1112,Northern Ireland
625,7 November 2018 12:15,1098,Northern Ireland
626,7 November 2018 12:30,1091,Northern Ireland
627,7 November 2018 12:45,1086,Northern Ireland
628,7 November 2018 13:00,1097,Northern Ireland
629,7 November 2018 13:15,1092,Northern Ireland
630,7 November 2018 13:30,1060,Northern Ireland
631,7 November 2018 13:45,1076,Northern Ireland
632,7 November 2018 14:00,1064,Northern Ireland
633,7 November 2018 14:15,1078,Northern Ireland
634,7 November 2018 14:30,1086,Northern Ireland
635,7 November 2018 14:45,1092,Northern Ireland
636,7 November 2018 15:00,1085,Northern Ireland
637,7 November 2018 15:15,1101,Northern Ireland
638,7 November 2018 15:30,1079,Northern Ireland
639,7 November 2018 15:45,1087,Northern Ireland
640,7 November 2018 16:00,1096,Northern Ireland
641,7 November 2018 16:15,1125,Northern Ireland
642,7 November 2018 16:30,1188,Northern Ireland
643,7 November 2018 16:45,1244,Northern Ireland
644,7 November 2018 17:00,1321,Northern Ireland
645,7 November 2018 17:15,1356,Northern Ireland
646,7 November 2018 17:30,1395,Northern Ireland
647,7 November 2018 17:45,1384,Northern Ireland
648,7 November 2018 18:00,1369,Northern Ireland
649,7 November 2018 18:15,1340,Northern Ireland
650,7 November 2018 18:30,1321,Northern Ireland
651,7 November 2018 18:45,1292,Northern Ireland
652,7 November 2018 19:00,1260,Northern Ireland
653,7 November 2018 19:15,1250,Northern Ireland
654,7 November 2018 19:30,1229,Northern Ireland
655,7 November 2018 19:45,1213,Northern Ireland
656,7 November 2018 20:00,1193,Northern Ireland
657,7 November 2018 20:15,1163,Northern Ireland
658,7 November 2018 20:30,1146,Northern Ireland
659,7 November 2018 20:45,1129,Northern Ireland
660,7 November 2018 21:00,1084,Northern Ireland
661,7 November 2018 21:15,1069,Northern Ireland
662,7 November 2018 21:30,1027,Northern Ireland
663,7 November 2018 21:45,975,Northern Ireland
664,7 November 2018 22:00,984,Northern Ireland
665,7 November 2018 22:15,961,Northern Ireland
666,7 November 2018 22:30,938,Northern Ireland
667,7 November 2018 22:45,899,Northern Ireland
668,7 November 2018 23:00,843,Northern Ireland
669,7 November 2018 23:15,812,Northern Ireland
670,7 November 2018 23:30,773,Northern Ireland
671,7 November 2018 23:45,743,Northern Ireland
672,8 November 2018 00:00,723,Northern Ireland
673,8 November 2018 00:15,695,Northern Ireland
674,8 November 2018 00:30,684,Northern Ireland
675,8 November 2018 00:45,658,Northern Ireland
676,8 November 2018 01:00,658,Northern Ireland
677,8 November 2018 01:15,679,Northern Ireland
678,8 November 2018 01:30,670,Northern Ireland
679,8 November 2018 01:45,663,Northern Ireland
680,8 November 2018 02:00,651,Northern Ireland
681,8 November 2018 02:15,637,Northern Ireland
682,8 November 2018 02:30,633,Northern Ireland
683,8 November 2018 02:45,618,Northern Ireland
684,8 November 2018 03:00,618,Northern Ireland
685,8 November 2018 03:15,622,Northern Ireland
686,8 November 2018 03:30,610,Northern Ireland
687,8 November 2018 03:45,606,Northern Ireland
688,8 November 2018 04:00,608,Northern Ireland
689,8 November 2018 04:15,613,Northern Ireland
690,8 November 2018 04:30,619,Northern Ireland
691,8 November 2018 04:45,611,Northern Ireland
692,8 November 2018 05:00,633,Northern Ireland
693,8 November 2018 05:15,655,Northern Ireland
694,8 November 2018 05:30,662,Northern Ireland
695,8 November 2018 05:45,668,Northern Ireland
696,8 November 2018 06:00,711,Northern Ireland
697,8 November 2018 06:15,758,Northern Ireland
698,8 November 2018 06:30,786,Northern Ireland
699,8 November 2018 06:45,848,Northern Ireland
700,8 November 2018 07:00,920,Northern Ireland
701,8 November 2018 07:15,999,Northern Ireland
702,8 November 2018 07:30,1035,Northern Ireland
703,8 November 2018 07:45,1069,Northern Ireland
704,8 November 2018 08:00,1091,Northern Ireland
705,8 November 2018 08:15,1097,Northern Ireland
706,8 November 2018 08:30,1090,Northern Ireland
707,8 November 2018 08:45,1057,Northern Ireland
708,8 November 2018 09:00,1048,Northern Ireland
709,8 November 2018 09:15,1063,Northern Ireland
710,8 November 2018 09:30,1066,Northern Ireland
711,8 November 2018 09:45,1055,Northern Ireland
712,8 November 2018 10:00,1048,Northern Ireland
713,8 November 2018 10:15,1031,Northern Ireland
714,8 November 2018 10:30,1037,Northern Ireland
715,8 November 2018 10:45,1027,Northern Ireland
716,8 November 2018 11:00,1021,Northern Ireland
717,8 November 2018 11:15,1019,Northern Ireland
718,8 November 2018 11:30,1013,Northern Ireland
719,8 November 2018 11:45,964,Northern Ireland
720,8 November 2018 12:00,938,Northern Ireland
721,8 November 2018 12:15,867,Northern Ireland
722,8 November 2018 12:30,879,Northern Ireland
723,8 November 2018 12:45,1035,Northern Ireland
724,8 November 2018 13:00,1020,Northern Ireland
725,8 November 2018 13:15,1023,Northern Ireland
726,8 November 2018 13:30,1021,Northern Ireland
727,8 November 2018 13:45,1031,Northern Ireland
728,8 November 2018 14:00,1034,Northern Ireland
729,8 November 2018 14:15,1038,Northern Ireland
730,8 November 2018 14:30,1037,Northern Ireland
731,8 November 2018 14:45,1058,Northern Ireland
732,8 November 2018 15:00,1055,Northern Ireland
733,8 November 2018 15:15,1074,Northern Ireland
734,8 November 2018 15:30,1092,Northern Ireland
735,8 November 2018 15:45,1111,Northern Ireland
736,8 November 2018 16:00,1133,Northern Ireland
737,8 November 2018 16:15,1217,Northern Ireland
738,8 November 2018 16:30,1263,Northern Ireland
739,8 November 2018 16:45,1338,Northern Ireland
740,8 November 2018 17:00,1379,Northern Ireland
741,8 November 2018 17:15,1405,Northern Ireland
742,8 November 2018 17:30,1408,Northern Ireland
743,8 November 2018 17:45,1402,Northern Ireland
744,8 November 2018 18:00,1383,Northern Ireland
745,8 November 2018 18:15,1356,Northern Ireland
746,8 November 2018 18:30,1336,Northern Ireland
747,8 November 2018 18:45,1311,Northern Ireland
748,8 November 2018 19:00,1291,Northern Ireland
749,8 November 2018 19:15,1275,Northern Ireland
750,8 November 2018 19:30,1260,Northern Ireland
751,8 November 2018 19:45,1234,Northern Ireland
752,8 November 2018 20:00,1208,Northern Ireland
753,8 November 2018 20:15,1185,Northern Ireland
754,8 November 2018 20:30,1163,Northern Ireland
755,8 November 2018 20:45,1166,Northern Ireland
756,8 November 2018 21:00,1135,Northern Ireland
757,8 November 2018 21:15,1170,Northern Ireland
758,8 November 2018 21:30,1139,Northern Ireland
759,8 November 2018 21:45,1105,Northern Ireland
760,8 November 2018 22:00,1071,Northern Ireland
761,8 November 2018 22:15,1034,Northern Ireland
762,8 November 2018 22:30,996,Northern Ireland
763,8 November 2018 22:45,968,Northern Ireland
764,8 November 2018 23:00,920,Northern Ireland
765,8 November 2018 23:15,883,Northern Ireland
766,8 November 2018 23:30,852,Northern Ireland
767,8 November 2018 23:45,827,Northern Ireland
768,9 November 2018 00:00,793,Northern Ireland
769,9 November 2018 00:15,771,Northern Ireland
770,9 November 2018 00:30,757,Northern Ireland
771,9 November 2018 00:45,737,Northern Ireland
772,9 November 2018 01:00,734,Northern Ireland
773,9 November 2018 01:15,745,Northern Ireland
774,9 November 2018 01:30,735,Northern Ireland
775,9 November 2018 01:45,733,Northern Ireland
776,9 November 2018 02:00,731,Northern Ireland
777,9 November 2018 02:15,678,Northern Ireland
778,9 November 2018 02:30,643,Northern Ireland
779,9 November 2018 02:45,630,Northern Ireland
780,9 November 2018 03:00,583,Northern Ireland
781,9 November 2018 03:15,625,Northern Ireland
782,9 November 2018 03:30,631,Northern Ireland
783,9 November 2018 03:45,625,Northern Ireland
784,9 November 2018 04:00,622,Northern Ireland
785,9 November 2018 04:15,623,Northern Ireland
786,9 November 2018 04:30,621,Northern Ireland
787,9 November 2018 04:45,619,Northern Ireland
788,9 November 2018 05:00,623,Northern Ireland
789,9 November 2018 05:15,636,Northern Ireland
790,9 November 2018 05:30,639,Northern Ireland
791,9 November 2018 05:45,659,Northern Ireland
792,9 November 2018 06:00,685,Northern Ireland
793,9 November 2018 06:15,737,Northern Ireland
794,9 November 2018 06:30,777,Northern Ireland
795,9 November 2018 06:45,841,Northern Ireland
796,9 November 2018 07:00,889,Northern Ireland
797,9 November 2018 07:15,978,Northern Ireland
798,9 November 2018 07:30,1012,Northern Ireland
799,9 November 2018 07:45,1052,Northern Ireland
800,9 November 2018 08:00,1065,Northern Ireland
801,9 November 2018 08:15,1085,Northern Ireland
802,9 November 2018 08:30,1086,Northern Ireland
803,9 November 2018 08:45,1085,Northern Ireland
804,9 November 2018 09:00,1101,Northern Ireland
805,9 November 2018 09:15,1118,Northern Ireland
806,9 November 2018 09:30,1107,Northern Ireland
807,9 November 2018 09:45,1070,Northern Ireland
808,9 November 2018 10:00,1065,Northern Ireland
809,9 November 2018 10:15,1077,Northern Ireland
810,9 November 2018 10:30,1076,Northern Ireland
811,9 November 2018 10:45,1073,Northern Ireland
812,9 November 2018 11:00,1078,Northern Ireland
813,9 November 2018 11:15,1072,Northern Ireland
814,9 November 2018 11:30,1069,Northern Ireland
815,9 November 2018 11:45,1063,Northern Ireland
816,9 November 2018 12:00,1060,Northern Ireland
817,9 November 2018 12:15,1075,Northern Ireland
818,9 November 2018 12:30,1073,Northern Ireland
819,9 November 2018 12:45,1063,Northern Ireland
820,9 November 2018 13:00,1053,Northern Ireland
821,9 November 2018 13:15,1042,Northern Ireland
822,9 November 2018 13:30,1035,Northern Ireland
823,9 November 2018 13:45,1039,Northern Ireland
824,9 November 2018 14:00,1027,Northern Ireland
825,9 November 2018 14:15,1050,Northern Ireland
826,9 November 2018 14:30,1059,Northern Ireland
827,9 November 2018 14:45,1057,Northern Ireland
828,9 November 2018 15:00,1065,Northern Ireland
829,9 November 2018 15:15,1068,Northern Ireland
830,9 November 2018 15:30,1075,Northern Ireland
831,9 November 2018 15:45,1096,Northern Ireland
832,9 November 2018 16:00,1111,Northern Ireland
833,9 November 2018 16:15,1197,Northern Ireland
834,9 November 2018 16:30,1227,Northern Ireland
835,9 November 2018 16:45,1234,Northern Ireland
836,9 November 2018 17:00,1242,Northern Ireland
837,9 November 2018 17:15,1258,Northern Ireland
838,9 November 2018 17:30,1256,Northern Ireland
839,9 November 2018 17:45,1257,Northern Ireland
840,9 November 2018 18:00,1229,Northern Ireland
841,9 November 2018 18:15,1209,Northern Ireland
842,9 November 2018 18:30,1182,Northern Ireland
843,9 November 2018 18:45,1165,Northern Ireland
844,9 November 2018 19:00,1144,Northern Ireland
845,9 November 2018 19:15,1129,Northern Ireland
846,9 November 2018 19:30,1111,Northern Ireland
847,9 November 2018 19:45,1087,Northern Ireland
848,9 November 2018 20:00,1058,Northern Ireland
849,9 November 2018 20:15,1035,Northern Ireland
850,9 November 2018 20:30,1013,Northern Ireland
851,9 November 2018 20:45,992,Northern Ireland
852,9 November 2018 21:00,997,Northern Ireland
853,9 November 2018 21:15,989,Northern Ireland
854,9 November 2018 21:30,957,Northern Ireland
855,9 November 2018 21:45,937,Northern Ireland
856,9 November 2018 22:00,900,Northern Ireland
857,9 November 2018 22:15,872,Northern Ireland
858,9 November 2018 22:30,842,Northern Ireland
859,9 November 2018 22:45,810,Northern Ireland
860,9 November 2018 23:00,776,Northern Ireland
861,9 November 2018 23:15,736,Northern Ireland
862,9 November 2018 23:30,720,Northern Ireland
863,9 November 2018 23:45,702,Northern Ireland
864,10 November 2018 00:00,681,Northern Ireland
865,10 November 2018 00:15,657,Northern Ireland
866,10 November 2018 00:30,628,Northern Ireland
867,10 November 2018 00:45,604,Northern Ireland
868,10 November 2018 01:00,599,Northern Ireland
869,10 November 2018 01:15,619,Northern Ireland
870,10 November 2018 01:30,603,Northern Ireland
871,10 November 2018 01:45,588,Northern Ireland
872,10 November 2018 02:00,587,Northern Ireland
873,10 November 2018 02:15,574,Northern Ireland
874,10 November 2018 02:30,574,Northern Ireland
875,10 November 2018 02:45,572,Northern Ireland
876,10 November 2018 03:00,563,Northern Ireland
877,10 November 2018 03:15,568,Northern Ireland
878,10 November 2018 03:30,574,Northern Ireland
879,10 November 2018 03:45,557,Northern Ireland
880,10 November 2018 04:00,568,Northern Ireland
881,10 November 2018 04:15,570,Northern Ireland
882,10 November 2018 04:30,556,Northern Ireland
883,10 November 2018 04:45,548,Northern Ireland
884,10 November 2018 05:00,551,Northern Ireland
885,10 November 2018 05:15,563,Northern Ireland
886,10 November 2018 05:30,565,Northern Ireland
887,10 November 2018 05:45,578,Northern Ireland
888,10 November 2018 06:00,594,Northern Ireland
889,10 November 2018 06:15,618,Northern Ireland
890,10 November 2018 06:30,637,Northern Ireland
891,10 November 2018 06:45,661,Northern Ireland
892,10 November 2018 07:00,690,Northern Ireland
893,10 November 2018 07:15,734,Northern Ireland
894,10 November 2018 07:30,750,Northern Ireland
895,10 November 2018 07:45,769,Northern Ireland
896,10 November 2018 08:00,813,Northern Ireland
897,10 November 2018 08:15,836,Northern Ireland
898,10 November 2018 08:30,874,Northern Ireland
899,10 November 2018 08:45,893,Northern Ireland
900,10 November 2018 09:00,920,Northern Ireland
901,10 November 2018 09:15,943,Northern Ireland
902,10 November 2018 09:30,953,Northern Ireland
903,10 November 2018 09:45,954,Northern Ireland
904,10 November 2018 10:00,978,Northern Ireland
905,10 November 2018 10:15,983,Northern Ireland
906,10 November 2018 10:30,989,Northern Ireland
907,10 November 2018 10:45,1007,Northern Ireland
908,10 November 2018 11:00,999,Northern Ireland
909,10 November 2018 11:15,1008,Northern Ireland
910,10 November 2018 11:30,999,Northern Ireland
911,10 November 2018 11:45,964,Northern Ireland
912,10 November 2018 12:00,975,Northern Ireland
913,10 November 2018 12:15,986,Northern Ireland
914,10 November 2018 12:30,983,Northern Ireland
915,10 November 2018 12:45,989,Northern Ireland
916,10 November 2018 13:00,982,Northern Ireland
917,10 November 2018 13:15,979,Northern Ireland
918,10 November 2018 13:30,963,Northern Ireland
919,10 November 2018 13:45,950,Northern Ireland
920,10 November 2018 14:00,941,Northern Ireland
921,10 November 2018 14:15,937,Northern Ireland
922,10 November 2018 14:30,914,Northern Ireland
923,10 November 2018 14:45,917,Northern Ireland
924,10 November 2018 15:00,922,Northern Ireland
925,10 November 2018 15:15,923,Northern Ireland
926,10 November 2018 15:30,933,Northern Ireland
927,10 November 2018 15:45,948,Northern Ireland
928,10 November 2018 16:00,971,Northern Ireland
929,10 November 2018 16:15,1001,Northern Ireland
930,10 November 2018 16:30,1037,Northern Ireland
931,10 November 2018 16:45,1075,Northern Ireland
932,10 November 2018 17:00,1145,Northern Ireland
933,10 November 2018 17:15,1199,Northern Ireland
934,10 November 2018 17:30,1211,Northern Ireland
935,10 November 2018 17:45,1214,Northern Ireland
936,10 November 2018 18:00,1203,Northern Ireland
937,10 November 2018 18:15,1183,Northern Ireland
938,10 November 2018 18:30,1158,Northern Ireland
939,10 November 2018 18:45,1125,Northern Ireland
940,10 November 2018 19:00,1104,Northern Ireland
941,10 November 2018 19:15,1101,Northern Ireland
942,10 November 2018 19:30,1079,Northern Ireland
943,10 November 2018 19:45,1061,Northern Ireland
944,10 November 2018 20:00,1035,Northern Ireland
945,10 November 2018 20:15,1002,Northern Ireland
946,10 November 2018 20:30,996,Northern Ireland
947,10 November 2018 20:45,948,Northern Ireland
948,10 November 2018 21:00,934,Northern Ireland
949,10 November 2018 21:15,895,Northern Ireland
950,10 November 2018 21:30,873,Northern Ireland
951,10 November 2018 21:45,853,Northern Ireland
952,10 November 2018 22:00,836,Northern Ireland
953,10 November 2018 22:15,825,Northern Ireland
954,10 November 2018 22:30,814,Northern Ireland
955,10 November 2018 22:45,791,Northern Ireland
956,10 November 2018 23:00,762,Northern Ireland
957,10 November 2018 23:15,768,Northern Ireland
958,10 November 2018 23:30,737,Northern Ireland
959,10 November 2018 23:45,725,Northern Ireland
960,11 November 2018 00:00,696,Northern Ireland
961,11 November 2018 00:15,672,Northern Ireland
962,11 November 2018 00:30,653,Northern Ireland
963,11 November 2018 00:45,645,Northern Ireland
964,11 November 2018 01:00,630,Northern Ireland
965,11 November 2018 01:15,639,Northern Ireland
966,11 November 2018 01:30,628,Northern Ireland
967,11 November 2018 01:45,622,Northern Ireland
968,11 November 2018 02:00,620,Northern Ireland
969,11 November 2018 02:15,610,Northern Ireland
970,11 November 2018 02:30,598,Northern Ireland
971,11 November 2018 02:45,591,Northern Ireland
972,11 November 2018 03:00,593,Northern Ireland
973,11 November 2018 03:15,582,Northern Ireland
974,11 November 2018 03:30,578,Northern Ireland
975,11 November 2018 03:45,570,Northern Ireland
976,11 November 2018 04:00,574,Northern Ireland
977,11 November 2018 04:15,583,Northern Ireland
978,11 November 2018 04:30,578,Northern Ireland
979,11 November 2018 04:45,570,Northern Ireland
980,11 November 2018 05:00,574,Northern Ireland
981,11 November 2018 05:15,573,Northern Ireland
982,11 November 2018 05:30,570,Northern Ireland
983,11 November 2018 05:45,567,Northern Ireland
984,11 November 2018 06:00,577,Northern Ireland
985,11 November 2018 06:15,579,Northern Ireland
986,11 November 2018 06:30,577,Northern Ireland
987,11 November 2018 06:45,590,Northern Ireland
988,11 November 2018 07:00,647,Northern Ireland
989,11 November 2018 07:15,675,Northern Ireland
990,11 November 2018 07:30,674,Northern Ireland
991,11 November 2018 07:45,687,Northern Ireland
992,11 November 2018 08:00,710,Northern Ireland
993,11 November 2018 08:15,738,Northern Ireland
994,11 November 2018 08:30,748,Northern Ireland
995,11 November 2018 08:45,758,Northern Ireland
996,11 November 2018 09:00,771,Northern Ireland
997,11 November 2018 09:15,787,Northern Ireland
998,11 November 2018 09:30,812,Northern Ireland
999,11 November 2018 09:45,830,Northern Ireland
1000,11 November 2018 10:00,838,Northern Ireland
1001,11 November 2018 10:15,851,Northern Ireland
1002,11 November 2018 10:30,853,Northern Ireland
1003,11 November 2018 10:45,846,Northern Ireland
1004,11 November 2018 11:00,832,Northern Ireland
1005,11 November 2018 11:15,807,Northern Ireland
1006,11 November 2018 11:30,823,Northern Ireland
1007,11 November 2018 11:45,833,Northern Ireland
1008,11 November 2018 12:00,858,Northern Ireland
1009,11 November 2018 12:15,861,Northern Ireland
1010,11 November 2018 12:30,867,Northern Ireland
1011,11 November 2018 12:45,874,Northern Ireland
1012,11 November 2018 13:00,879,Northern Ireland
1013,11 November 2018 13:15,866,Northern Ireland
1014,11 November 2018 13:30,862,Northern Ireland
1015,11 November 2018 13:45,846,Northern Ireland
1016,11 November 2018 14:00,842,Northern Ireland
1017,11 November 2018 14:15,852,Northern Ireland
1018,11 November 2018 14:30,845,Northern Ireland
1019,11 November 2018 14:45,859,Northern Ireland
1020,11 November 2018 15:00,872,Northern Ireland
1021,11 November 2018 15:15,917,Northern Ireland
1022,11 November 2018 15:30,925,Northern Ireland
1023,11 November 2018 15:45,936,Northern Ireland
1024,11 November 2018 16:00,947,Northern Ireland
1025,11 November 2018 16:15,975,Northern Ireland
1026,11 November 2018 16:30,1025,Northern Ireland
1027,11 November 2018 16:45,1079,Northern Ireland
1028,11 November 2018 17:00,1132,Northern Ireland
1029,11 November 2018 17:15,1176,Northern Ireland
1030,11 November 2018 17:30,1188,Northern Ireland
1031,11 November 2018 17:45,1184,Northern Ireland
1032,11 November 2018 18:00,1199,Northern Ireland
1033,11 November 2018 18:15,1158,Northern Ireland
1034,11 November 2018 18:30,1141,Northern Ireland
1035,11 November 2018 18:45,1090,Northern Ireland
1036,11 November 2018 19:00,1107,Northern Ireland
1037,11 November 2018 19:15,1110,Northern Ireland
1038,11 November 2018 19:30,1079,Northern Ireland
1039,11 November 2018 19:45,1070,Northern Ireland
1040,11 November 2018 20:00,1056,Northern Ireland
1041,11 November 2018 20:15,1033,Northern Ireland
1042,11 November 2018 20:30,1010,Northern Ireland
1043,11 November 2018 20:45,997,Northern Ireland
1044,11 November 2018 21:00,976,Northern Ireland
1045,11 November 2018 21:15,946,Northern Ireland
1046,11 November 2018 21:30,931,Northern Ireland
1047,11 November 2018 21:45,911,Northern Ireland
1048,11 November 2018 22:00,882,Northern Ireland
1049,11 November 2018 22:15,846,Northern Ireland
1050,11 November 2018 22:30,820,Northern Ireland
1051,11 November 2018 22:45,791,Northern Ireland
1052,11 November 2018 23:00,755,Northern Ireland
1053,11 November 2018 23:15,715,Northern Ireland
1054,11 November 2018 23:30,687,Northern Ireland
1055,11 November 2018 23:45,651,Northern Ireland
1056,12 November 2018 00:00,627,Northern Ireland
1057,12 November 2018 00:15,611,Northern Ireland
1058,12 November 2018 00:30,595,Northern Ireland
1059,12 November 2018 00:45,580,Northern Ireland
1060,12 November 2018 01:00,581,Northern Ireland
1061,12 November 2018 01:15,585,Northern Ireland
1062,12 November 2018 01:30,585,Northern Ireland
1063,12 November 2018 01:45,586,Northern Ireland
1064,12 November 2018 02:00,574,Northern Ireland
1065,12 November 2018 02:15,571,Northern Ireland
1066,12 November 2018 02:30,561,Northern Ireland
1067,12 November 2018 02:45,562,Northern Ireland
1068,12 November 2018 03:00,560,Northern Ireland
1069,12 November 2018 03:15,569,Northern Ireland
1070,12 November 2018 03:30,565,Northern Ireland
1071,12 November 2018 03:45,556,Northern Ireland
1072,12 November 2018 04:00,565,Northern Ireland
1073,12 November 2018 04:15,558,Northern Ireland
1074,12 November 2018 04:30,560,Northern Ireland
1075,12 November 2018 04:45,554,Northern Ireland
1076,12 November 2018 05:00,573,Northern Ireland
1077,12 November 2018 05:15,586,Northern Ireland
1078,12 November 2018 05:30,599,Northern Ireland
1079,12 November 2018 05:45,613,Northern Ireland
1080,12 November 2018 06:00,656,Northern Ireland
1081,12 November 2018 06:15,710,Northern Ireland
1082,12 November 2018 06:30,751,Northern Ireland
1083,12 November 2018 06:45,804,Northern Ireland
1084,12 November 2018 07:00,864,Northern Ireland
1085,12 November 2018 07:15,971,Northern Ireland
1086,12 November 2018 07:30,1002,Northern Ireland
1087,12 November 2018 07:45,1048,Northern Ireland
1088,12 November 2018 08:00,1075,Northern Ireland
1089,12 November 2018 08:15,1099,Northern Ireland
1090,12 November 2018 08:30,1101,Northern Ireland
1091,12 November 2018 08:45,1094,Northern Ireland
1092,12 November 2018 09:00,1096,Northern Ireland
1093,12 November 2018 09:15,1102,Northern Ireland
1094,12 November 2018 09:30,1109,Northern Ireland
1095,12 November 2018 09:45,1110,Northern Ireland
1096,12 November 2018 10:00,1100,Northern Ireland
1097,12 November 2018 10:15,1100,Northern Ireland
1098,12 November 2018 10:30,1103,Northern Ireland
1099,12 November 2018 10:45,1097,Northern Ireland
1100,12 November 2018 11:00,1091,Northern Ireland
1101,12 November 2018 11:15,1091,Northern Ireland
1102,12 November 2018 11:30,1088,Northern Ireland
1103,12 November 2018 11:45,1101,Northern Ireland
1104,12 November 2018 12:00,1100,Northern Ireland
1105,12 November 2018 12:15,1102,Northern Ireland
1106,12 November 2018 12:30,1104,Northern Ireland
1107,12 November 2018 12:45,1076,Northern Ireland
1108,12 November 2018 13:00,1064,Northern Ireland
1109,12 November 2018 13:15,1036,Northern Ireland
1110,12 November 2018 13:30,1027,Northern Ireland
1111,12 November 2018 13:45,1031,Northern Ireland
1112,12 November 2018 14:00,1036,Northern Ireland
1113,12 November 2018 14:15,1046,Northern Ireland
1114,12 November 2018 14:30,1061,Northern Ireland
1115,12 November 2018 14:45,1032,Northern Ireland
1116,12 November 2018 15:00,1062,Northern Ireland
1117,12 November 2018 15:15,1102,Northern Ireland
1118,12 November 2018 15:30,1117,Northern Ireland
1119,12 November 2018 15:45,1139,Northern Ireland
1120,12 November 2018 16:00,1177,Northern Ireland
1121,12 November 2018 16:15,1209,Northern Ireland
1122,12 November 2018 16:30,1270,Northern Ireland
1123,12 November 2018 16:45,1355,Northern Ireland
1124,12 November 2018 17:00,1411,Northern Ireland
1125,12 November 2018 17:15,1432,Northern Ireland
1126,12 November 2018 17:30,1397,Northern Ireland
1127,12 November 2018 17:45,1397,Northern Ireland
1128,12 November 2018 18:00,1367,Northern Ireland
1129,12 November 2018 18:15,1358,Northern Ireland
1130,12 November 2018 18:30,1318,Northern Ireland
1131,12 November 2018 18:45,1286,Northern Ireland
1132,12 November 2018 19:00,1254,Northern Ireland
1133,12 November 2018 19:15,1242,Northern Ireland
1134,12 November 2018 19:30,1221,Northern Ireland
1135,12 November 2018 19:45,1200,Northern Ireland
1136,12 November 2018 20:00,1178,Northern Ireland
1137,12 November 2018 20:15,1158,Northern Ireland
1138,12 November 2018 20:30,1137,Northern Ireland
1139,12 November 2018 20:45,1119,Northern Ireland
1140,12 November 2018 21:00,1100,Northern Ireland
1141,12 November 2018 21:15,1079,Northern Ireland
1142,12 November 2018 21:30,1053,Northern Ireland
1143,12 November 2018 21:45,1024,Northern Ireland
1144,12 November 2018 22:00,978,Northern Ireland
1145,12 November 2018 22:15,925,Northern Ireland
1146,12 November 2018 22:30,873,Northern Ireland
1147,12 November 2018 22:45,845,Northern Ireland
1148,12 November 2018 23:00,816,Northern Ireland
1149,12 November 2018 23:15,774,Northern Ireland
1150,12 November 2018 23:30,756,Northern Ireland
1151,12 November 2018 23:45,720,Northern Ireland
1152,13 November 2018 00:00,696,Northern Ireland
1153,13 November 2018 00:15,672,Northern Ireland
1154,13 November 2018 00:30,661,Northern Ireland
1155,13 November 2018 00:45,640,Northern Ireland
1156,13 November 2018 01:00,635,Northern Ireland
1157,13 November 2018 01:15,644,Northern Ireland
1158,13 November 2018 01:30,639,Northern Ireland
1159,13 November 2018 01:45,628,Northern Ireland
1160,13 November 2018 02:00,616,Northern Ireland
1161,13 November 2018 02:15,608,Northern Ireland
1162,13 November 2018 02:30,599,Northern Ireland
1163,13 November 2018 02:45,592,Northern Ireland
1164,13 November 2018 03:00,593,Northern Ireland
1165,13 November 2018 03:15,592,Northern Ireland
1166,13 November 2018 03:30,585,Northern Ireland
1167,13 November 2018 03:45,586,Northern Ireland
1168,13 November 2018 04:00,578,Northern Ireland
1169,13 November 2018 04:15,583,Northern Ireland
1170,13 November 2018 04:30,582,Northern Ireland
1171,13 November 2018 04:45,571,Northern Ireland
1172,13 November 2018 05:00,586,Northern Ireland
1173,13 November 2018 05:15,611,Northern Ireland
1174,13 November 2018 05:30,634,Northern Ireland
1175,13 November 2018 05:45,650,Northern Ireland
1176,13 November 2018 06:00,695,Northern Ireland
1177,13 November 2018 06:15,747,Northern Ireland
1178,13 November 2018 06:30,794,Northern Ireland
1179,13 November 2018 06:45,854,Northern Ireland
1180,13 November 2018 07:00,903,Northern Ireland
1181,13 November 2018 07:15,999,Northern Ireland
1182,13 November 2018 07:30,1049,Northern Ireland
1183,13 November 2018 07:45,1068,Northern Ireland
1184,13 November 2018 08:00,1094,Northern Ireland
1185,13 November 2018 08:15,1107,Northern Ireland
1186,13 November 2018 08:30,1112,Northern Ireland
1187,13 November 2018 08:45,1108,Northern Ireland
1188,13 November 2018 09:00,1117,Northern Ireland
1189,13 November 2018 09:15,1140,Northern Ireland
1190,13 November 2018 09:30,1148,Northern Ireland
1191,13 November 2018 09:45,1123,Northern Ireland
1192,13 November 2018 10:00,1114,Northern Ireland
1193,13 November 2018 10:15,1092,Northern Ireland
1194,13 November 2018 10:30,1094,Northern Ireland
1195,13 November 2018 10:45,1074,Northern Ireland
1196,13 November 2018 11:00,1075,Northern Ireland
1197,13 November 2018 11:15,1071,Northern Ireland
1198,13 November 2018 11:30,1051,Northern Ireland
1199,13 November 2018 11:45,1020,Northern Ireland
1200,13 November 2018 12:00,1038,Northern Ireland
1201,13 November 2018 12:15,1041,Northern Ireland
1202,13 November 2018 12:30,1049,Northern Ireland
1203,13 November 2018 12:45,1035,Northern Ireland
1204,13 November 2018 13:00,1030,Northern Ireland
1205,13 November 2018 13:15,1027,Northern Ireland
1206,13 November 2018 13:30,1033,Northern Ireland
1207,13 November 2018 13:45,1015,Northern Ireland
1208,13 November 2018 14:00,1020,Northern Ireland
1209,13 November 2018 14:15,1028,Northern Ireland
1210,13 November 2018 14:30,1054,Northern Ireland
1211,13 November 2018 14:45,1050,Northern Ireland
1212,13 November 2018 15:00,1063,Northern Ireland
1213,13 November 2018 15:15,1077,Northern Ireland
1214,13 November 2018 15:30,1102,Northern Ireland
1215,13 November 2018 15:45,1134,Northern Ireland
1216,13 November 2018 16:00,1169,Northern Ireland
1217,13 November 2018 16:15,1208,Northern Ireland
1218,13 November 2018 16:30,1241,Northern Ireland
1219,13 November 2018 16:45,1298,Northern Ireland
1220,13 November 2018 17:00,1367,Northern Ireland
1221,13 November 2018 17:15,1382,Northern Ireland
1222,13 November 2018 17:30,1377,Northern Ireland
1223,13 November 2018 17:45,1363,Northern Ireland
1224,13 November 2018 18:00,1381,Northern Ireland
1225,13 November 2018 18:15,1329,Northern Ireland
1226,13 November 2018 18:30,1310,Northern Ireland
1227,13 November 2018 18:45,1284,Northern Ireland
1228,13 November 2018 19:00,1245,Northern Ireland
1229,13 November 2018 19:15,1227,Northern Ireland
1230,13 November 2018 19:30,1195,Northern Ireland
1231,13 November 2018 19:45,1175,Northern Ireland
1232,13 November 2018 20:00,1175,Northern Ireland
1233,13 November 2018 20:15,1149,Northern Ireland
1234,13 November 2018 20:30,1132,Northern Ireland
1235,13 November 2018 20:45,1108,Northern Ireland
1236,13 November 2018 21:00,1090,Northern Ireland
1237,13 November 2018 21:15,1056,Northern Ireland
1238,13 November 2018 21:30,1031,Northern Ireland
1239,13 November 2018 21:45,993,Northern Ireland
1240,13 November 2018 22:00,949,Northern Ireland
1241,13 November 2018 22:15,917,Northern Ireland
1242,13 November 2018 22:30,883,Northern Ireland
1243,13 November 2018 22:45,847,Northern Ireland
1244,13 November 2018 23:00,794,Northern Ireland
1245,13 November 2018 23:15,766,Northern Ireland
1246,13 November 2018 23:30,723,Northern Ireland
1247,13 November 2018 23:45,696,Northern Ireland
1248,14 November 2018 00:00,671,Northern Ireland
1249,14 November 2018 00:15,653,Northern Ireland
1250,14 November 2018 00:30,636,Northern Ireland
1251,14 November 2018 00:45,622,Northern Ireland
1252,14 November 2018 01:00,621,Northern Ireland
1253,14 November 2018 01:15,628,Northern Ireland
1254,14 November 2018 01:30,630,Northern Ireland
1255,14 November 2018 01:45,623,Northern Ireland
1256,14 November 2018 02:00,612,Northern Ireland
1257,14 November 2018 02:15,617,Northern Ireland
1258,14 November 2018 02:30,602,Northern Ireland
1259,14 November 2018 02:45,598,Northern Ireland
1260,14 November 2018 03:00,592,Northern Ireland
1261,14 November 2018 03:15,592,Northern Ireland
1262,14 November 2018 03:30,589,Northern Ireland
1263,14 November 2018 03:45,587,Northern Ireland
1264,14 November 2018 04:00,587,Northern Ireland
1265,14 November 2018 04:15,592,Northern Ireland
1266,14 November 2018 04:30,586,Northern Ireland
1267,14 November 2018 04:45,581,Northern Ireland
1268,14 November 2018 05:00,591,Northern Ireland
1269,14 November 2018 05:15,601,Northern Ireland
1270,14 November 2018 05:30,610,Northern Ireland
1271,14 November 2018 05:45,618,Northern Ireland
1272,14 November 2018 06:00,677,Northern Ireland
1273,14 November 2018 06:15,725,Northern Ireland
1274,14 November 2018 06:30,759,Northern Ireland
1275,14 November 2018 06:45,820,Northern Ireland
1276,14 November 2018 07:00,884,Northern Ireland
1277,14 November 2018 07:15,977,Northern Ireland
1278,14 November 2018 07:30,1021,Northern Ireland
1279,14 November 2018 07:45,1060,Northern Ireland
1280,14 November 2018 08:00,1078,Northern Ireland
1281,14 November 2018 08:15,1089,Northern Ireland
1282,14 November 2018 08:30,1096,Northern Ireland
1283,14 November 2018 08:45,1091,Northern Ireland
1284,14 November 2018 09:00,1101,Northern Ireland
1285,14 November 2018 09:15,1119,Northern Ireland
1286,14 November 2018 09:30,1119,Northern Ireland
1287,14 November 2018 09:45,1134,Northern Ireland
1288,14 November 2018 10:00,1123,Northern Ireland
1289,14 November 2018 10:15,1121,Northern Ireland
1290,14 November 2018 10:30,1122,Northern Ireland
1291,14 November 2018 10:45,1129,Northern Ireland
1292,14 November 2018 11:00,1132,Northern Ireland
1293,14 November 2018 11:15,1125,Northern Ireland
1294,14 November 2018 11:30,1116,Northern Ireland
1295,14 November 2018 11:45,1107,Northern Ireland
1296,14 November 2018 12:00,1116,Northern Ireland
1297,14 November 2018 12:15,1109,Northern Ireland
1298,14 November 2018 12:30,1102,Northern Ireland
1299,14 November 2018 12:45,1109,Northern Ireland
1300,14 November 2018 13:00,1106,Northern Ireland
1301,14 November 2018 13:15,1077,Northern Ireland
1302,14 November 2018 13:30,1065,Northern Ireland
1303,14 November 2018 13:45,1065,Northern Ireland
1304,14 November 2018 14:00,1065,Northern Ireland
1305,14 November 2018 14:15,1082,Northern Ireland
1306,14 November 2018 14:30,1079,Northern Ireland
1307,14 November 2018 14:45,1077,Northern Ireland
1308,14 November 2018 15:00,1073,Northern Ireland
1309,14 November 2018 15:15,1099,Northern Ireland
1310,14 November 2018 15:30,1103,Northern Ireland
1311,14 November 2018 15:45,1128,Northern Ireland
1312,14 November 2018 16:00,1154,Northern Ireland
1313,14 November 2018 16:15,1192,Northern Ireland
1314,14 November 2018 16:30,1250,Northern Ireland
1315,14 November 2018 16:45,1308,Northern Ireland
1316,14 November 2018 17:00,1364,Northern Ireland
1317,14 November 2018 17:15,1372,Northern Ireland
1318,14 November 2018 17:30,1360,Northern Ireland
1319,14 November 2018 17:45,1337,Northern Ireland
1320,14 November 2018 18:00,1325,Northern Ireland
1321,14 November 2018 18:15,1297,Northern Ireland
1322,14 November 2018 18:30,1270,Northern Ireland
1323,14 November 2018 18:45,1245,Northern Ireland
1324,14 November 2018 19:00,1212,Northern Ireland
1325,14 November 2018 19:15,1201,Northern Ireland
1326,14 November 2018 19:30,1190,Northern Ireland
1327,14 November 2018 19:45,1166,Northern Ireland
1328,14 November 2018 20:00,1145,Northern Ireland
1329,14 November 2018 20:15,1128,Northern Ireland
1330,14 November 2018 20:30,1111,Northern Ireland
1331,14 November 2018 20:45,1106,Northern Ireland
1332,14 November 2018 21:00,1076,Northern Ireland
1333,14 November 2018 21:15,1048,Northern Ireland
1334,14 November 2018 21:30,1025,Northern Ireland
1335,14 November 2018 21:45,984,Northern Ireland
1336,14 November 2018 22:00,962,Northern Ireland
1337,14 November 2018 22:15,915,Northern Ireland
1338,14 November 2018 22:30,884,Northern Ireland
1339,14 November 2018 22:45,855,Northern Ireland
1340,14 November 2018 23:00,807,Northern Ireland
1341,14 November 2018 23:15,779,Northern Ireland
1342,14 November 2018 23:30,751,Northern Ireland
1343,14 November 2018 23:45,707,Northern Ireland
1344,15 November 2018 00:00,683,Northern Ireland
1345,15 November 2018 00:15,668,Northern Ireland
1346,15 November 2018 00:30,662,Northern Ireland
1347,15 November 2018 00:45,638,Northern Ireland
1348,15 November 2018 01:00,622,Northern Ireland
1349,15 November 2018 01:15,636,Northern Ireland
1350,15 November 2018 01:30,635,Northern Ireland
1351,15 November 2018 01:45,626,Northern Ireland
1352,15 November 2018 02:00,627,Northern Ireland
1353,15 November 2018 02:15,610,Northern Ireland
1354,15 November 2018 02:30,610,Northern Ireland
1355,15 November 2018 02:45,600,Northern Ireland
1356,15 November 2018 03:00,588,Northern Ireland
1357,15 November 2018 03:15,592,Northern Ireland
1358,15 November 2018 03:30,594,Northern Ireland
1359,15 November 2018 03:45,592,Northern Ireland
1360,15 November 2018 04:00,586,Northern Ireland
1361,15 November 2018 04:15,591,Northern Ireland
1362,15 November 2018 04:30,587,Northern Ireland
1363,15 November 2018 04:45,563,Northern Ireland
1364,15 November 2018 05:00,573,Northern Ireland
1365,15 November 2018 05:15,586,Northern Ireland
1366,15 November 2018 05:30,599,Northern Ireland
1367,15 November 2018 05:45,619,Northern Ireland
1368,15 November 2018 06:00,658,Northern Ireland
1369,15 November 2018 06:15,704,Northern Ireland
1370,15 November 2018 06:30,747,Northern Ireland
1371,15 November 2018 06:45,794,Northern Ireland
1372,15 November 2018 07:00,855,Northern Ireland
1373,15 November 2018 07:15,959,Northern Ireland
1374,15 November 2018 07:30,1001,Northern Ireland
1375,15 November 2018 07:45,1034,Northern Ireland
1376,15 November 2018 08:00,1055,Northern Ireland
1377,15 November 2018 08:15,1064,Northern Ireland
1378,15 November 2018 08:30,1027,Northern Ireland
1379,15 November 2018 08:45,1012,Northern Ireland
1380,15 November 2018 09:00,1018,Northern Ireland
1381,15 November 2018 09:15,1030,Northern Ireland
1382,15 November 2018 09:30,1034,Northern Ireland
1383,15 November 2018 09:45,1005,Northern Ireland
1384,15 November 2018 10:00,986,Northern Ireland
1385,15 November 2018 10:15,963,Northern Ireland
1386,15 November 2018 10:30,967,Northern Ireland
1387,15 November 2018 10:45,968,Northern Ireland
1388,15 November 2018 11:00,982,Northern Ireland
1389,15 November 2018 11:15,989,Northern Ireland
1390,15 November 2018 11:30,999,Northern Ireland
1391,15 November 2018 11:45,1011,Northern Ireland
1392,15 November 2018 12:00,1010,Northern Ireland
1393,15 November 2018 12:15,1003,Northern Ireland
1394,15 November 2018 12:30,1008,Northern Ireland
1395,15 November 2018 12:45,1011,Northern Ireland
1396,15 November 2018 13:00,1006,Northern Ireland
1397,15 November 2018 13:15,1017,Northern Ireland
1398,15 November 2018 13:30,992,Northern Ireland
1399,15 November 2018 13:45,970,Northern Ireland
1400,15 November 2018 14:00,982,Northern Ireland
1401,15 November 2018 14:15,1008,Northern Ireland
1402,15 November 2018 14:30,1017,Northern Ireland
1403,15 November 2018 14:45,1032,Northern Ireland
1404,15 November 2018 15:00,1042,Northern Ireland
1405,15 November 2018 15:15,1108,Northern Ireland
1406,15 November 2018 15:30,1141,Northern Ireland
1407,15 November 2018 15:45,1166,Northern Ireland
1408,15 November 2018 16:00,1189,Northern Ireland
1409,15 November 2018 16:15,1221,Northern Ireland
1410,15 November 2018 16:30,1267,Northern Ireland
1411,15 November 2018 16:45,1312,Northern Ireland
1412,15 November 2018 17:00,1338,Northern Ireland
1413,15 November 2018 17:15,1354,Northern Ireland
1414,15 November 2018 17:30,1347,Northern Ireland
1415,15 November 2018 17:45,1335,Northern Ireland
1416,15 November 2018 18:00,1328,Northern Ireland
1417,15 November 2018 18:15,1288,Northern Ireland
1418,15 November 2018 18:30,1269,Northern Ireland
1419,15 November 2018 18:45,1248,Northern Ireland
1420,15 November 2018 19:00,1230,Northern Ireland
1421,15 November 2018 19:15,1212,Northern Ireland
1422,15 November 2018 19:30,1202,Northern Ireland
1423,15 November 2018 19:45,1181,Northern Ireland
1424,15 November 2018 20:00,1160,Northern Ireland
1425,15 November 2018 20:15,1144,Northern Ireland
1426,15 November 2018 20:30,1118,Northern Ireland
1427,15 November 2018 20:45,1109,Northern Ireland
1428,15 November 2018 21:00,1077,Northern Ireland
1429,15 November 2018 21:15,1038,Northern Ireland
1430,15 November 2018 21:30,1013,Northern Ireland
1431,15 November 2018 21:45,990,Northern Ireland
1432,15 November 2018 22:00,961,Northern Ireland
1433,15 November 2018 22:15,920,Northern Ireland
1434,15 November 2018 22:30,883,Northern Ireland
1435,15 November 2018 22:45,858,Northern Ireland
1436,15 November 2018 23:00,811,Northern Ireland
1437,15 November 2018 23:15,774,Northern Ireland
1438,15 November 2018 23:30,754,Northern Ireland
1439,15 November 2018 23:45,709,Northern Ireland
1440,16 November 2018 00:00,684,Northern Ireland
1441,16 November 2018 00:15,690,Northern Ireland
1442,16 November 2018 00:30,683,Northern Ireland
1443,16 November 2018 00:45,668,Northern Ireland
1444,16 November 2018 01:00,659,Northern Ireland
1445,16 November 2018 01:15,669,Northern Ireland
1446,16 November 2018 01:30,667,Northern Ireland
1447,16 November 2018 01:45,664,Northern Ireland
1448,16 November 2018 02:00,649,Northern Ireland
1449,16 November 2018 02:15,649,Northern Ireland
1450,16 November 2018 02:30,646,Northern Ireland
1451,16 November 2018 02:45,640,Northern Ireland
1452,16 November 2018 03:00,632,Northern Ireland
1453,16 November 2018 03:15,626,Northern Ireland
1454,16 November 2018 03:30,624,Northern Ireland
1455,16 November 2018 03:45,619,Northern Ireland
1456,16 November 2018 04:00,622,Northern Ireland
1457,16 November 2018 04:15,625,Northern Ireland
1458,16 November 2018 04:30,617,Northern Ireland
1459,16 November 2018 04:45,625,Northern Ireland
1460,16 November 2018 05:00,636,Northern Ireland
1461,16 November 2018 05:15,653,Northern Ireland
1462,16 November 2018 05:30,660,Northern Ireland
1463,16 November 2018 05:45,681,Northern Ireland
1464,16 November 2018 06:00,718,Northern Ireland
1465,16 November 2018 06:15,772,Northern Ireland
1466,16 November 2018 06:30,811,Northern Ireland
1467,16 November 2018 06:45,865,Northern Ireland
1468,16 November 2018 07:00,918,Northern Ireland
1469,16 November 2018 07:15,1008,Northern Ireland
1470,16 November 2018 07:30,1063,Northern Ireland
1471,16 November 2018 07:45,1090,Northern Ireland
1472,16 November 2018 08:00,1117,Northern Ireland
1473,16 November 2018 08:15,1137,Northern Ireland
1474,16 November 2018 08:30,1128,Northern Ireland
1475,16 November 2018 08:45,1130,Northern Ireland
1476,16 November 2018 09:00,1137,Northern Ireland
1477,16 November 2018 09:15,1152,Northern Ireland
1478,16 November 2018 09:30,1155,Northern Ireland
1479,16 November 2018 09:45,1143,Northern Ireland
1480,16 November 2018 10:00,1131,Northern Ireland
1481,16 November 2018 10:15,1128,Northern Ireland
1482,16 November 2018 10:30,1126,Northern Ireland
1483,16 November 2018 10:45,1124,Northern Ireland
1484,16 November 2018 11:00,1133,Northern Ireland
1485,16 November 2018 11:15,1128,Northern Ireland
1486,16 November 2018 11:30,1131,Northern Ireland
1487,16 November 2018 11:45,1137,Northern Ireland
1488,16 November 2018 12:00,1129,Northern Ireland
1489,16 November 2018 12:15,1133,Northern Ireland
1490,16 November 2018 12:30,1130,Northern Ireland
1491,16 November 2018 12:45,1118,Northern Ireland
1492,16 November 2018 13:00,1103,Northern Ireland
1493,16 November 2018 13:15,1091,Northern Ireland
1494,16 November 2018 13:30,1075,Northern Ireland
1495,16 November 2018 13:45,1068,Northern Ireland
1496,16 November 2018 14:00,1063,Northern Ireland
1497,16 November 2018 14:15,1061,Northern Ireland
1498,16 November 2018 14:30,1066,Northern Ireland
1499,16 November 2018 14:45,1070,Northern Ireland
1500,16 November 2018 15:00,1067,Northern Ireland
1501,16 November 2018 15:15,1075,Northern Ireland
1502,16 November 2018 15:30,1085,Northern Ireland
1503,16 November 2018 15:45,1089,Northern Ireland
1504,16 November 2018 16:00,1087,Northern Ireland
1505,16 November 2018 16:15,1085,Northern Ireland
1506,16 November 2018 16:30,1140,Northern Ireland
1507,16 November 2018 16:45,1211,Northern Ireland
1508,16 November 2018 17:00,1229,Northern Ireland
1509,16 November 2018 17:15,1276,Northern Ireland
1510,16 November 2018 17:30,1315,Northern Ireland
1511,16 November 2018 17:45,1305,Northern Ireland
1512,16 November 2018 18:00,1291,Northern Ireland
1513,16 November 2018 18:15,1329,Northern Ireland
1514,16 November 2018 18:30,1300,Northern Ireland
1515,16 November 2018 18:45,1288,Northern Ireland
1516,16 November 2018 19:00,1264,Northern Ireland
1517,16 November 2018 19:15,1255,Northern Ireland
1518,16 November 2018 19:30,1233,Northern Ireland
1519,16 November 2018 19:45,1210,Northern Ireland
1520,16 November 2018 20:00,1197,Northern Ireland
1521,16 November 2018 20:15,1161,Northern Ireland
1522,16 November 2018 20:30,1154,Northern Ireland
1523,16 November 2018 20:45,1127,Northern Ireland
1524,16 November 2018 21:00,1115,Northern Ireland
1525,16 November 2018 21:15,1074,Northern Ireland
1526,16 November 2018 21:30,1053,Northern Ireland
1527,16 November 2018 21:45,1029,Northern Ireland
1528,16 November 2018 22:00,1006,Northern Ireland
1529,16 November 2018 22:15,979,Northern Ireland
1530,16 November 2018 22:30,959,Northern Ireland
1531,16 November 2018 22:45,923,Northern Ireland
1532,16 November 2018 23:00,887,Northern Ireland
1533,16 November 2018 23:15,854,Northern Ireland
1534,16 November 2018 23:30,826,Northern Ireland
1535,16 November 2018 23:45,799,Northern Ireland
1536,17 November 2018 00:00,773,Northern Ireland
1537,17 November 2018 00:15,756,Northern Ireland
1538,17 November 2018 00:30,730,Northern Ireland
1539,17 November 2018 00:45,706,Northern Ireland
1540,17 November 2018 01:00,697,Northern Ireland
1541,17 November 2018 01:15,705,Northern Ireland
1542,17 November 2018 01:30,692,Northern Ireland
1543,17 November 2018 01:45,684,Northern Ireland
1544,17 November 2018 02:00,674,Northern Ireland
1545,17 November 2018 02:15,665,Northern Ireland
1546,17 November 2018 02:30,656,Northern Ireland
1547,17 November 2018 02:45,647,Northern Ireland
1548,17 November 2018 03:00,646,Northern Ireland
1549,17 November 2018 03:15,644,Northern Ireland
1550,17 November 2018 03:30,637,Northern Ireland
1551,17 November 2018 03:45,635,Northern Ireland
1552,17 November 2018 04:00,633,Northern Ireland
1553,17 November 2018 04:15,637,Northern Ireland
1554,17 November 2018 04:30,630,Northern Ireland
1555,17 November 2018 04:45,628,Northern Ireland
1556,17 November 2018 05:00,632,Northern Ireland
1557,17 November 2018 05:15,639,Northern Ireland
1558,17 November 2018 05:30,635,Northern Ireland
1559,17 November 2018 05:45,650,Northern Ireland
1560,17 November 2018 06:00,664,Northern Ireland
1561,17 November 2018 06:15,695,Northern Ireland
1562,17 November 2018 06:30,714,Northern Ireland
1563,17 November 2018 06:45,736,Northern Ireland
1564,17 November 2018 07:00,759,Northern Ireland
1565,17 November 2018 07:15,811,Northern Ireland
1566,17 November 2018 07:30,838,Northern Ireland
1567,17 November 2018 07:45,854,Northern Ireland
1568,17 November 2018 08:00,891,Northern Ireland
1569,17 November 2018 08:15,922,Northern Ireland
1570,17 November 2018 08:30,939,Northern Ireland
1571,17 November 2018 08:45,966,Northern Ireland
1572,17 November 2018 09:00,997,Northern Ireland
1573,17 November 2018 09:15,1030,Northern Ireland
1574,17 November 2018 09:30,1049,Northern Ireland
1575,17 November 2018 09:45,1061,Northern Ireland
1576,17 November 2018 10:00,1065,Northern Ireland
1577,17 November 2018 10:15,1078,Northern Ireland
1578,17 November 2018 10:30,1078,Northern Ireland
1579,17 November 2018 10:45,1089,Northern Ireland
1580,17 November 2018 11:00,1086,Northern Ireland
1581,17 November 2018 11:15,1092,Northern Ireland
1582,17 November 2018 11:30,1095,Northern Ireland
1583,17 November 2018 11:45,1094,Northern Ireland
1584,17 November 2018 12:00,1094,Northern Ireland
1585,17 November 2018 12:15,1097,Northern Ireland
1586,17 November 2018 12:30,1097,Northern Ireland
1587,17 November 2018 12:45,1097,Northern Ireland
1588,17 November 2018 13:00,1089,Northern Ireland
1589,17 November 2018 13:15,1080,Northern Ireland
1590,17 November 2018 13:30,1070,Northern Ireland
1591,17 November 2018 13:45,1062,Northern Ireland
1592,17 November 2018 14:00,1052,Northern Ireland
1593,17 November 2018 14:15,1047,Northern Ireland
1594,17 November 2018 14:30,1039,Northern Ireland
1595,17 November 2018 14:45,1039,Northern Ireland
1596,17 November 2018 15:00,1032,Northern Ireland
1597,17 November 2018 15:15,1044,Northern Ireland
1598,17 November 2018 15:30,1046,Northern Ireland
1599,17 November 2018 15:45,1055,Northern Ireland
1600,17 November 2018 16:00,1074,Northern Ireland
1601,17 November 2018 16:15,1098,Northern Ireland
1602,17 November 2018 16:30,1144,Northern Ireland
1603,17 November 2018 16:45,1221,Northern Ireland
1604,17 November 2018 17:00,1260,Northern Ireland
1605,17 November 2018 17:15,1290,Northern Ireland
1606,17 November 2018 17:30,1298,Northern Ireland
1607,17 November 2018 17:45,1297,Northern Ireland
1608,17 November 2018 18:00,1285,Northern Ireland
1609,17 November 2018 18:15,1263,Northern Ireland
1610,17 November 2018 18:30,1233,Northern Ireland
1611,17 November 2018 18:45,1217,Northern Ireland
1612,17 November 2018 19:00,1176,Northern Ireland
1613,17 November 2018 19:15,1156,Northern Ireland
1614,17 November 2018 19:30,1137,Northern Ireland
1615,17 November 2018 19:45,1118,Northern Ireland
1616,17 November 2018 20:00,1108,Northern Ireland
1617,17 November 2018 20:15,1086,Northern Ireland
1618,17 November 2018 20:30,1055,Northern Ireland
1619,17 November 2018 20:45,1036,Northern Ireland
1620,17 November 2018 21:00,1014,Northern Ireland
1621,17 November 2018 21:15,996,Northern Ireland
1622,17 November 2018 21:30,981,Northern Ireland
1623,17 November 2018 21:45,969,Northern Ireland
1624,17 November 2018 22:00,942,Northern Ireland
1625,17 November 2018 22:15,920,Northern Ireland
1626,17 November 2018 22:30,899,Northern Ireland
1627,17 November 2018 22:45,875,Northern Ireland
1628,17 November 2018 23:00,849,Northern Ireland
1629,17 November 2018 23:15,824,Northern Ireland
1630,17 November 2018 23:30,807,Northern Ireland
1631,17 November 2018 23:45,769,Northern Ireland
1632,18 November 2018 00:00,749,Northern Ireland
1633,18 November 2018 00:15,733,Northern Ireland
1634,18 November 2018 00:30,717,Northern Ireland
1635,18 November 2018 00:45,700,Northern Ireland
1636,18 November 2018 01:00,693,Northern Ireland
1637,18 November 2018 01:15,702,Northern Ireland
1638,18 November 2018 01:30,696,Northern Ireland
1639,18 November 2018 01:45,683,Northern Ireland
1640,18 November 2018 02:00,666,Northern Ireland
1641,18 November 2018 02:15,666,Northern Ireland
1642,18 November 2018 02:30,662,Northern Ireland
1643,18 November 2018 02:45,655,Northern Ireland
1644,18 November 2018 03:00,647,Northern Ireland
1645,18 November 2018 03:15,642,Northern Ireland
1646,18 November 2018 03:30,637,Northern Ireland
1647,18 November 2018 03:45,631,Northern Ireland
1648,18 November 2018 04:00,630,Northern Ireland
1649,18 November 2018 04:15,630,Northern Ireland
1650,18 November 2018 04:30,624,Northern Ireland
1651,18 November 2018 04:45,621,Northern Ireland
1652,18 November 2018 05:00,626,Northern Ireland
1653,18 November 2018 05:15,635,Northern Ireland
1654,18 November 2018 05:30,634,Northern Ireland
1655,18 November 2018 05:45,636,Northern Ireland
1656,18 November 2018 06:00,646,Northern Ireland
1657,18 November 2018 06:15,660,Northern Ireland
1658,18 November 2018 06:30,665,Northern Ireland
1659,18 November 2018 06:45,681,Northern Ireland
1660,18 November 2018 07:00,691,Northern Ireland
1661,18 November 2018 07:15,714,Northern Ireland
1662,18 November 2018 07:30,726,Northern Ireland
1663,18 November 2018 07:45,729,Northern Ireland
1664,18 November 2018 08:00,746,Northern Ireland
1665,18 November 2018 08:15,775,Northern Ireland
1666,18 November 2018 08:30,792,Northern Ireland
1667,18 November 2018 08:45,822,Northern Ireland
1668,18 November 2018 09:00,850,Northern Ireland
1669,18 November 2018 09:15,872,Northern Ireland
1670,18 November 2018 09:30,892,Northern Ireland
1671,18 November 2018 09:45,904,Northern Ireland
1672,18 November 2018 10:00,913,Northern Ireland
1673,18 November 2018 10:15,931,Northern Ireland
1674,18 November 2018 10:30,938,Northern Ireland
1675,18 November 2018 10:45,936,Northern Ireland
1676,18 November 2018 11:00,948,Northern Ireland
1677,18 November 2018 11:15,959,Northern Ireland
1678,18 November 2018 11:30,944,Northern Ireland
1679,18 November 2018 11:45,953,Northern Ireland
1680,18 November 2018 12:00,946,Northern Ireland
1681,18 November 2018 12:15,924,Northern Ireland
1682,18 November 2018 12:30,927,Northern Ireland
1683,18 November 2018 12:45,907,Northern Ireland
1684,18 November 2018 13:00,901,Northern Ireland
1685,18 November 2018 13:15,901,Northern Ireland
1686,18 November 2018 13:30,897,Northern Ireland
1687,18 November 2018 13:45,880,Northern Ireland
1688,18 November 2018 14:00,888,Northern Ireland
1689,18 November 2018 14:15,890,Northern Ireland
1690,18 November 2018 14:30,884,Northern Ireland
1691,18 November 2018 14:45,889,Northern Ireland
1692,18 November 2018 15:00,907,Northern Ireland
1693,18 November 2018 15:15,923,Northern Ireland
1694,18 November 2018 15:30,929,Northern Ireland
1695,18 November 2018 15:45,906,Northern Ireland
1696,18 November 2018 16:00,933,Northern Ireland
1697,18 November 2018 16:15,974,Northern Ireland
1698,18 November 2018 16:30,1012,Northern Ireland
1699,18 November 2018 16:45,1094,Northern Ireland
1700,18 November 2018 17:00,1151,Northern Ireland
1701,18 November 2018 17:15,1182,Northern Ireland
1702,18 November 2018 17:30,1196,Northern Ireland
1703,18 November 2018 17:45,1202,Northern Ireland
1704,18 November 2018 18:00,1189,Northern Ireland
1705,18 November 2018 18:15,1162,Northern Ireland
1706,18 November 2018 18:30,1138,Northern Ireland
1707,18 November 2018 18:45,1124,Northern Ireland
1708,18 November 2018 19:00,1107,Northern Ireland
1709,18 November 2018 19:15,1075,Northern Ireland
1710,18 November 2018 19:30,1066,Northern Ireland
1711,18 November 2018 19:45,1047,Northern Ireland
1712,18 November 2018 20:00,1034,Northern Ireland
1713,18 November 2018 20:15,1017,Northern Ireland
1714,18 November 2018 20:30,1003,Northern Ireland
1715,18 November 2018 20:45,1023,Northern Ireland
1716,18 November 2018 21:00,1009,Northern Ireland
1717,18 November 2018 21:15,974,Northern Ireland
1718,18 November 2018 21:30,945,Northern Ireland
1719,18 November 2018 21:45,915,Northern Ireland
1720,18 November 2018 22:00,895,Northern Ireland
1721,18 November 2018 22:15,869,Northern Ireland
1722,18 November 2018 22:30,911,Northern Ireland
1723,18 November 2018 22:45,884,Northern Ireland
1724,18 November 2018 23:00,851,Northern Ireland
1725,18 November 2018 23:15,816,Northern Ireland
1726,18 November 2018 23:30,786,Northern Ireland
1727,18 November 2018 23:45,765,Northern Ireland
1728,19 November 2018 00:00,738,Northern Ireland
1729,19 November 2018 00:15,717,Northern Ireland
1730,19 November 2018 00:30,695,Northern Ireland
1731,19 November 2018 00:45,687,Northern Ireland
1732,19 November 2018 01:00,688,Northern Ireland
1733,19 November 2018 01:15,692,Northern Ireland
1734,19 November 2018 01:30,687,Northern Ireland
1735,19 November 2018 01:45,681,Northern Ireland
1736,19 November 2018 02:00,675,Northern Ireland
1737,19 November 2018 02:15,671,Northern Ireland
1738,19 November 2018 02:30,657,Northern Ireland
1739,19 November 2018 02:45,653,Northern Ireland
1740,19 November 2018 03:00,662,Northern Ireland
1741,19 November 2018 03:15,660,Northern Ireland
1742,19 November 2018 03:30,656,Northern Ireland
1743,19 November 2018 03:45,656,Northern Ireland
1744,19 November 2018 04:00,651,Northern Ireland
1745,19 November 2018 04:15,663,Northern Ireland
1746,19 November 2018 04:30,662,Northern Ireland
1747,19 November 2018 04:45,664,Northern Ireland
1748,19 November 2018 05:00,674,Northern Ireland
1749,19 November 2018 05:15,695,Northern Ireland
1750,19 November 2018 05:30,704,Northern Ireland
1751,19 November 2018 05:45,730,Northern Ireland
1752,19 November 2018 06:00,772,Northern Ireland
1753,19 November 2018 06:15,821,Northern Ireland
1754,19 November 2018 06:30,853,Northern Ireland
1755,19 November 2018 06:45,908,Northern Ireland
1756,19 November 2018 07:00,974,Northern Ireland
1757,19 November 2018 07:15,1064,Northern Ireland
1758,19 November 2018 07:30,1113,Northern Ireland
1759,19 November 2018 07:45,1144,Northern Ireland
1760,19 November 2018 08:00,1166,Northern Ireland
1761,19 November 2018 08:15,1189,Northern Ireland
1762,19 November 2018 08:30,1196,Northern Ireland
1763,19 November 2018 08:45,1207,Northern Ireland
1764,19 November 2018 09:00,1213,Northern Ireland
1765,19 November 2018 09:15,1228,Northern Ireland
1766,19 November 2018 09:30,1234,Northern Ireland
1767,19 November 2018 09:45,1244,Northern Ireland
1768,19 November 2018 10:00,1242,Northern Ireland
1769,19 November 2018 10:15,1240,Northern Ireland
1770,19 November 2018 10:30,1241,Northern Ireland
1771,19 November 2018 10:45,1246,Northern Ireland
1772,19 November 2018 11:00,1248,Northern Ireland
1773,19 November 2018 11:15,1246,Northern Ireland
1774,19 November 2018 11:30,1239,Northern Ireland
1775,19 November 2018 11:45,1215,Northern Ireland
1776,19 November 2018 12:00,1197,Northern Ireland
1777,19 November 2018 12:15,1188,Northern Ireland
1778,19 November 2018 12:30,1183,Northern Ireland
1779,19 November 2018 12:45,1188,Northern Ireland
1780,19 November 2018 13:00,1186,Northern Ireland
1781,19 November 2018 13:15,1180,Northern Ireland
1782,19 November 2018 13:30,1155,Northern Ireland
1783,19 November 2018 13:45,1155,Northern Ireland
1784,19 November 2018 14:00,1151,Northern Ireland
1785,19 November 2018 14:15,1138,Northern Ireland
1786,19 November 2018 14:30,1148,Northern Ireland
1787,19 November 2018 14:45,1150,Northern Ireland
1788,19 November 2018 15:00,1147,Northern Ireland
1789,19 November 2018 15:15,1148,Northern Ireland
1790,19 November 2018 15:30,1169,Northern Ireland
1791,19 November 2018 15:45,1178,Northern Ireland
1792,19 November 2018 16:00,1172,Northern Ireland
1793,19 November 2018 16:15,1220,Northern Ireland
1794,19 November 2018 16:30,1271,Northern Ireland
1795,19 November 2018 16:45,1349,Northern Ireland
1796,19 November 2018 17:00,1381,Northern Ireland
1797,19 November 2018 17:15,1400,Northern Ireland
1798,19 November 2018 17:30,1397,Northern Ireland
1799,19 November 2018 17:45,1379,Northern Ireland
1800,19 November 2018 18:00,1366,Northern Ireland
1801,19 November 2018 18:15,1338,Northern Ireland
1802,19 November 2018 18:30,1304,Northern Ireland
1803,19 November 2018 18:45,1272,Northern Ireland
1804,19 November 2018 19:00,1275,Northern Ireland
1805,19 November 2018 19:15,1260,Northern Ireland
1806,19 November 2018 19:30,1241,Northern Ireland
1807,19 November 2018 19:45,1225,Northern Ireland
1808,19 November 2018 20:00,1187,Northern Ireland
1809,19 November 2018 20:15,1166,Northern Ireland
1810,19 November 2018 20:30,1151,Northern Ireland
1811,19 November 2018 20:45,1136,Northern Ireland
1812,19 November 2018 21:00,1108,Northern Ireland
1813,19 November 2018 21:15,1054,Northern Ireland
1814,19 November 2018 21:30,1082,Northern Ireland
1815,19 November 2018 21:45,1056,Northern Ireland
1816,19 November 2018 22:00,1028,Northern Ireland
1817,19 November 2018 22:15,993,Northern Ireland
1818,19 November 2018 22:30,956,Northern Ireland
1819,19 November 2018 22:45,927,Northern Ireland
1820,19 November 2018 23:00,878,Northern Ireland
1821,19 November 2018 23:15,840,Northern Ireland
1822,19 November 2018 23:30,809,Northern Ireland
1823,19 November 2018 23:45,784,Northern Ireland
1824,20 November 2018 00:00,761,Northern Ireland
1825,20 November 2018 00:15,746,Northern Ireland
1826,20 November 2018 00:30,725,Northern Ireland
1827,20 November 2018 00:45,718,Northern Ireland
1828,20 November 2018 01:00,713,Northern Ireland
1829,20 November 2018 01:15,729,Northern Ireland
1830,20 November 2018 01:30,719,Northern Ireland
1831,20 November 2018 01:45,713,Northern Ireland
1832,20 November 2018 02:00,702,Northern Ireland
1833,20 November 2018 02:15,690,Northern Ireland
1834,20 November 2018 02:30,687,Northern Ireland
1835,20 November 2018 02:45,676,Northern Ireland
1836,20 November 2018 03:00,684,Northern Ireland
1837,20 November 2018 03:15,674,Northern Ireland
1838,20 November 2018 03:30,682,Northern Ireland
1839,20 November 2018 03:45,677,Northern Ireland
1840,20 November 2018 04:00,682,Northern Ireland
1841,20 November 2018 04:15,694,Northern Ireland
1842,20 November 2018 04:30,683,Northern Ireland
1843,20 November 2018 04:45,682,Northern Ireland
1844,20 November 2018 05:00,701,Northern Ireland
1845,20 November 2018 05:15,717,Northern Ireland
1846,20 November 2018 05:30,700,Northern Ireland
1847,20 November 2018 05:45,684,Northern Ireland
1848,20 November 2018 06:00,698,Northern Ireland
1849,20 November 2018 06:15,735,Northern Ireland
1850,20 November 2018 06:30,759,Northern Ireland
1851,20 November 2018 06:45,860,Northern Ireland
1852,20 November 2018 07:00,920,Northern Ireland
1853,20 November 2018 07:15,1013,Northern Ireland
1854,20 November 2018 07:30,1036,Northern Ireland
1855,20 November 2018 07:45,1038,Northern Ireland
1856,20 November 2018 08:00,1058,Northern Ireland
1857,20 November 2018 08:15,1069,Northern Ireland
1858,20 November 2018 08:30,1046,Northern Ireland
1859,20 November 2018 08:45,1050,Northern Ireland
1860,20 November 2018 09:00,1048,Northern Ireland
1861,20 November 2018 09:15,1066,Northern Ireland
1862,20 November 2018 09:30,1066,Northern Ireland
1863,20 November 2018 09:45,1074,Northern Ireland
1864,20 November 2018 10:00,1061,Northern Ireland
1865,20 November 2018 10:15,1043,Northern Ireland
1866,20 November 2018 10:30,1041,Northern Ireland
1867,20 November 2018 10:45,1076,Northern Ireland
1868,20 November 2018 11:00,1072,Northern Ireland
1869,20 November 2018 11:15,1073,Northern Ireland
1870,20 November 2018 11:30,1065,Northern Ireland
1871,20 November 2018 11:45,1081,Northern Ireland
1872,20 November 2018 12:00,1074,Northern Ireland
1873,20 November 2018 12:15,1081,Northern Ireland
1874,20 November 2018 12:30,1086,Northern Ireland
1875,20 November 2018 12:45,1089,Northern Ireland
1876,20 November 2018 13:00,1073,Northern Ireland
1877,20 November 2018 13:15,1046,Northern Ireland
1878,20 November 2018 13:30,1035,Northern Ireland
1879,20 November 2018 13:45,1044,Northern Ireland
1880,20 November 2018 14:00,1044,Northern Ireland
1881,20 November 2018 14:15,1059,Northern Ireland
1882,20 November 2018 14:30,1061,Northern Ireland
1883,20 November 2018 14:45,1062,Northern Ireland
1884,20 November 2018 15:00,1066,Northern Ireland
1885,20 November 2018 15:15,1080,Northern Ireland
1886,20 November 2018 15:30,1116,Northern Ireland
1887,20 November 2018 15:45,1127,Northern Ireland
1888,20 November 2018 16:00,1150,Northern Ireland
1889,20 November 2018 16:15,1196,Northern Ireland
1890,20 November 2018 16:30,1249,Northern Ireland
1891,20 November 2018 16:45,1321,Northern Ireland
1892,20 November 2018 17:00,1381,Northern Ireland
1893,20 November 2018 17:15,1390,Northern Ireland
1894,20 November 2018 17:30,1381,Northern Ireland
1895,20 November 2018 17:45,1372,Northern Ireland
1896,20 November 2018 18:00,1353,Northern Ireland
1897,20 November 2018 18:15,1325,Northern Ireland
1898,20 November 2018 18:30,1295,Northern Ireland
1899,20 November 2018 18:45,1256,Northern Ireland
1900,20 November 2018 19:00,1241,Northern Ireland
1901,20 November 2018 19:15,1211,Northern Ireland
1902,20 November 2018 19:30,1198,Northern Ireland
1903,20 November 2018 19:45,1170,Northern Ireland
1904,20 November 2018 20:00,1163,Northern Ireland
1905,20 November 2018 20:15,1121,Northern Ireland
1906,20 November 2018 20:30,1112,Northern Ireland
1907,20 November 2018 20:45,1094,Northern Ireland
1908,20 November 2018 21:00,1079,Northern Ireland
1909,20 November 2018 21:15,1071,Northern Ireland
1910,20 November 2018 21:30,1039,Northern Ireland
1911,20 November 2018 21:45,1001,Northern Ireland
1912,20 November 2018 22:00,957,Northern Ireland
1913,20 November 2018 22:15,930,Northern Ireland
1914,20 November 2018 22:30,893,Northern Ireland
1915,20 November 2018 22:45,856,Northern Ireland
1916,20 November 2018 23:00,804,Northern Ireland
1917,20 November 2018 23:15,766,Northern Ireland
1918,20 November 2018 23:30,802,Northern Ireland
1919,20 November 2018 23:45,776,Northern Ireland
1920,21 November 2018 00:00,748,Northern Ireland
1921,21 November 2018 00:15,725,Northern Ireland
1922,21 November 2018 00:30,710,Northern Ireland
1923,21 November 2018 00:45,695,Northern Ireland
1924,21 November 2018 01:00,696,Northern Ireland
1925,21 November 2018 01:15,711,Northern Ireland
1926,21 November 2018 01:30,702,Northern Ireland
1927,21 November 2018 01:45,696,Northern Ireland
1928,21 November 2018 02:00,691,Northern Ireland
1929,21 November 2018 02:15,684,Northern Ireland
1930,21 November 2018 02:30,676,Northern Ireland
1931,21 November 2018 02:45,677,Northern Ireland
1932,21 November 2018 03:00,668,Northern Ireland
1933,21 November 2018 03:15,669,Northern Ireland
1934,21 November 2018 03:30,664,Northern Ireland
1935,21 November 2018 03:45,661,Northern Ireland
1936,21 November 2018 04:00,663,Northern Ireland
1937,21 November 2018 04:15,667,Northern Ireland
1938,21 November 2018 04:30,672,Northern Ireland
1939,21 November 2018 04:45,668,Northern Ireland
1940,21 November 2018 05:00,673,Northern Ireland
1941,21 November 2018 05:15,695,Northern Ireland
1942,21 November 2018 05:30,704,Northern Ireland
1943,21 November 2018 05:45,680,Northern Ireland
1944,21 November 2018 06:00,693,Northern Ireland
1945,21 November 2018 06:15,738,Northern Ireland
1946,21 November 2018 06:30,745,Northern Ireland
1947,21 November 2018 06:45,827,Northern Ireland
1948,21 November 2018 07:00,934,Northern Ireland
1949,21 November 2018 07:15,1014,Northern Ireland
1950,21 November 2018 07:30,1077,Northern Ireland
1951,21 November 2018 07:45,1086,Northern Ireland
1952,21 November 2018 08:00,1126,Northern Ireland
1953,21 November 2018 08:15,1165,Northern Ireland
1954,21 November 2018 08:30,1163,Northern Ireland
1955,21 November 2018 08:45,1164,Northern Ireland
1956,21 November 2018 09:00,1185,Northern Ireland
1957,21 November 2018 09:15,1201,Northern Ireland
1958,21 November 2018 09:30,1197,Northern Ireland
1959,21 November 2018 09:45,1188,Northern Ireland
1960,21 November 2018 10:00,1185,Northern Ireland
1961,21 November 2018 10:15,1176,Northern Ireland
1962,21 November 2018 10:30,1181,Northern Ireland
1963,21 November 2018 10:45,1170,Northern Ireland
1964,21 November 2018 11:00,1183,Northern Ireland
1965,21 November 2018 11:15,1179,Northern Ireland
1966,21 November 2018 11:30,1170,Northern Ireland
1967,21 November 2018 11:45,1106,Northern Ireland
1968,21 November 2018 12:00,1162,Northern Ireland
1969,21 November 2018 12:15,1181,Northern Ireland
1970,21 November 2018 12:30,1162,Northern Ireland
1971,21 November 2018 12:45,1160,Northern Ireland
1972,21 November 2018 13:00,1146,Northern Ireland
1973,21 November 2018 13:15,1151,Northern Ireland
1974,21 November 2018 13:30,1128,Northern Ireland
1975,21 November 2018 13:45,1126,Northern Ireland
1976,21 November 2018 14:00,1123,Northern Ireland
1977,21 November 2018 14:15,1144,Northern Ireland
1978,21 November 2018 14:30,1178,Northern Ireland
1979,21 November 2018 14:45,1176,Northern Ireland
1980,21 November 2018 15:00,1180,Northern Ireland
1981,21 November 2018 15:15,1199,Northern Ireland
1982,21 November 2018 15:30,1212,Northern Ireland
1983,21 November 2018 15:45,1230,Northern Ireland
1984,21 November 2018 16:00,1253,Northern Ireland
1985,21 November 2018 16:15,1294,Northern Ireland
1986,21 November 2018 16:30,1321,Northern Ireland
1987,21 November 2018 16:45,1371,Northern Ireland
1988,21 November 2018 17:00,1398,Northern Ireland
1989,21 November 2018 17:15,1424,Northern Ireland
1990,21 November 2018 17:30,1414,Northern Ireland
1991,21 November 2018 17:45,1396,Northern Ireland
1992,21 November 2018 18:00,1377,Northern Ireland
1993,21 November 2018 18:15,1343,Northern Ireland
1994,21 November 2018 18:30,1322,Northern Ireland
1995,21 November 2018 18:45,1340,Northern Ireland
1996,21 November 2018 19:00,1319,Northern Ireland
1997,21 November 2018 19:15,1310,Northern Ireland
1998,21 November 2018 19:30,1290,Northern Ireland
1999,21 November 2018 19:45,1269,Northern Ireland
2000,21 November 2018 20:00,1249,Northern Ireland
2001,21 November 2018 20:15,1198,Northern Ireland
2002,21 November 2018 20:30,1179,Northern Ireland
2003,21 November 2018 20:45,1189,Northern Ireland
2004,21 November 2018 21:00,1170,Northern Ireland
2005,21 November 2018 21:15,1125,Northern Ireland
2006,21 November 2018 21:30,1084,Northern Ireland
2007,21 November 2018 21:45,1046,Northern Ireland
2008,21 November 2018 22:00,1016,Northern Ireland
2009,21 November 2018 22:15,991,Northern Ireland
2010,21 November 2018 22:30,956,Northern Ireland
2011,21 November 2018 22:45,916,Northern Ireland
2012,21 November 2018 23:00,877,Northern Ireland
2013,21 November 2018 23:15,907,Northern Ireland
2014,21 November 2018 23:30,875,Northern Ireland
2015,21 November 2018 23:45,838,Northern Ireland
2016,22 November 2018 00:00,812,Northern Ireland
2017,22 November 2018 00:15,799,Northern Ireland
2018,22 November 2018 00:30,775,Northern Ireland
2019,22 November 2018 00:45,757,Northern Ireland
2020,22 November 2018 01:00,758,Northern Ireland
2021,22 November 2018 01:15,766,Northern Ireland
2022,22 November 2018 01:30,758,Northern Ireland
2023,22 November 2018 01:45,751,Northern Ireland
2024,22 November 2018 02:00,749,Northern Ireland
2025,22 November 2018 02:15,750,Northern Ireland
2026,22 November 2018 02:30,732,Northern Ireland
2027,22 November 2018 02:45,726,Northern Ireland
2028,22 November 2018 03:00,720,Northern Ireland
2029,22 November 2018 03:15,716,Northern Ireland
2030,22 November 2018 03:30,712,Northern Ireland
2031,22 November 2018 03:45,705,Northern Ireland
2032,22 November 2018 04:00,702,Northern Ireland
2033,22 November 2018 04:15,710,Northern Ireland
2034,22 November 2018 04:30,703,Northern Ireland
2035,22 November 2018 04:45,705,Northern Ireland
2036,22 November 2018 05:00,714,Northern Ireland
2037,22 November 2018 05:15,725,Northern Ireland
2038,22 November 2018 05:30,737,Northern Ireland
2039,22 November 2018 05:45,746,Northern Ireland
2040,22 November 2018 06:00,778,Northern Ireland
2041,22 November 2018 06:15,819,Northern Ireland
2042,22 November 2018 06:30,823,Northern Ireland
2043,22 November 2018 06:45,869,Northern Ireland
2044,22 November 2018 07:00,896,Northern Ireland
2045,22 November 2018 07:15,993,Northern Ireland
2046,22 November 2018 07:30,1084,Northern Ireland
2047,22 November 2018 07:45,1082,Northern Ireland
2048,22 November 2018 08:00,1106,Northern Ireland
2049,22 November 2018 08:15,1121,Northern Ireland
2050,22 November 2018 08:30,1112,Northern Ireland
2051,22 November 2018 08:45,1115,Northern Ireland
2052,22 November 2018 09:00,1110,Northern Ireland
2053,22 November 2018 09:15,1124,Northern Ireland
2054,22 November 2018 09:30,1128,Northern Ireland
2055,22 November 2018 09:45,1117,Northern Ireland
2056,22 November 2018 10:00,1105,Northern Ireland
2057,22 November 2018 10:15,1088,Northern Ireland
2058,22 November 2018 10:30,1084,Northern Ireland
2059,22 November 2018 10:45,1059,Northern Ireland
2060,22 November 2018 11:00,1042,Northern Ireland
2061,22 November 2018 11:15,1040,Northern Ireland
2062,22 November 2018 11:30,1096,Northern Ireland
2063,22 November 2018 11:45,1110,Northern Ireland
2064,22 November 2018 12:00,1084,Northern Ireland
2065,22 November 2018 12:15,1083,Northern Ireland
2066,22 November 2018 12:30,1084,Northern Ireland
2067,22 November 2018 12:45,1081,Northern Ireland
2068,22 November 2018 13:00,1059,Northern Ireland
2069,22 November 2018 13:15,1049,Northern Ireland
2070,22 November 2018 13:30,1037,Northern Ireland
2071,22 November 2018 13:45,1041,Northern Ireland
2072,22 November 2018 14:00,1054,Northern Ireland
2073,22 November 2018 14:15,1062,Northern Ireland
2074,22 November 2018 14:30,1073,Northern Ireland
2075,22 November 2018 14:45,1084,Northern Ireland
2076,22 November 2018 15:00,1057,Northern Ireland
2077,22 November 2018 15:15,1077,Northern Ireland
2078,22 November 2018 15:30,1090,Northern Ireland
2079,22 November 2018 15:45,1125,Northern Ireland
2080,22 November 2018 16:00,1141,Northern Ireland
2081,22 November 2018 16:15,1160,Northern Ireland
2082,22 November 2018 16:30,1191,Northern Ireland
2083,22 November 2018 16:45,1257,Northern Ireland
2084,22 November 2018 17:00,1299,Northern Ireland
2085,22 November 2018 17:15,1310,Northern Ireland
2086,22 November 2018 17:30,1304,Northern Ireland
2087,22 November 2018 17:45,1266,Northern Ireland
2088,22 November 2018 18:00,1246,Northern Ireland
2089,22 November 2018 18:15,1219,Northern Ireland
2090,22 November 2018 18:30,1195,Northern Ireland
2091,22 November 2018 18:45,1166,Northern Ireland
2092,22 November 2018 19:00,1138,Northern Ireland
2093,22 November 2018 19:15,1124,Northern Ireland
2094,22 November 2018 19:30,1114,Northern Ireland
2095,22 November 2018 19:45,1084,Northern Ireland
2096,22 November 2018 20:00,1071,Northern Ireland
2097,22 November 2018 20:15,1033,Northern Ireland
2098,22 November 2018 20:30,1040,Northern Ireland
2099,22 November 2018 20:45,1070,Northern Ireland
2100,22 November 2018 21:00,1034,Northern Ireland
2101,22 November 2018 21:15,980,Northern Ireland
2102,22 November 2018 21:30,1010,Northern Ireland
2103,22 November 2018 21:45,973,Northern Ireland
2104,22 November 2018 22:00,1012,Northern Ireland
2105,22 November 2018 22:15,989,Northern Ireland
2106,22 November 2018 22:30,982,Northern Ireland
2107,22 November 2018 22:45,941,Northern Ireland
2108,22 November 2018 23:00,898,Northern Ireland
2109,22 November 2018 23:15,848,Northern Ireland
2110,22 November 2018 23:30,817,Northern Ireland
2111,22 November 2018 23:45,779,Northern Ireland
2112,23 November 2018 00:00,762,Northern Ireland
2113,23 November 2018 00:15,740,Northern Ireland
2114,23 November 2018 00:30,726,Northern Ireland
2115,23 November 2018 00:45,713,Northern Ireland
2116,23 November 2018 01:00,697,Northern Ireland
2117,23 November 2018 01:15,678,Northern Ireland
2118,23 November 2018 01:30,650,Northern Ireland
2119,23 November 2018 01:45,627,Northern Ireland
2120,23 November 2018 02:00,613,Northern Ireland
2121,23 November 2018 02:15,678,Northern Ireland
2122,23 November 2018 02:30,669,Northern Ireland
2123,23 November 2018 02:45,667,Northern Ireland
2124,23 November 2018 03:00,655,Northern Ireland
2125,23 November 2018 03:15,657,Northern Ireland
2126,23 November 2018 03:30,652,Northern Ireland
2127,23 November 2018 03:45,649,Northern Ireland
2128,23 November 2018 04:00,644,Northern Ireland
2129,23 November 2018 04:15,650,Northern Ireland
2130,23 November 2018 04:30,651,Northern Ireland
2131,23 November 2018 04:45,651,Northern Ireland
2132,23 November 2018 05:00,652,Northern Ireland
2133,23 November 2018 05:15,670,Northern Ireland
2134,23 November 2018 05:30,680,Northern Ireland
2135,23 November 2018 05:45,696,Northern Ireland
2136,23 November 2018 06:00,730,Northern Ireland
2137,23 November 2018 06:15,784,Northern Ireland
2138,23 November 2018 06:30,825,Northern Ireland
2139,23 November 2018 06:45,875,Northern Ireland
2140,23 November 2018 07:00,889,Northern Ireland
2141,23 November 2018 07:15,971,Northern Ireland
2142,23 November 2018 07:30,1014,Northern Ireland
2143,23 November 2018 07:45,1059,Northern Ireland
2144,23 November 2018 08:00,1091,Northern Ireland
2145,23 November 2018 08:15,1109,Northern Ireland
2146,23 November 2018 08:30,1099,Northern Ireland
2147,23 November 2018 08:45,1100,Northern Ireland
2148,23 November 2018 09:00,1114,Northern Ireland
2149,23 November 2018 09:15,1134,Northern Ireland
2150,23 November 2018 09:30,1154,Northern Ireland
2151,23 November 2018 09:45,1130,Northern Ireland
2152,23 November 2018 10:00,1119,Northern Ireland
2153,23 November 2018 10:15,1106,Northern Ireland
2154,23 November 2018 10:30,1120,Northern Ireland
2155,23 November 2018 10:45,1116,Northern Ireland
2156,23 November 2018 11:00,1102,Northern Ireland
2157,23 November 2018 11:15,1085,Northern Ireland
2158,23 November 2018 11:30,1074,Northern Ireland
2159,23 November 2018 11:45,1077,Northern Ireland
2160,23 November 2018 12:00,1073,Northern Ireland
2161,23 November 2018 12:15,1079,Northern Ireland
2162,23 November 2018 12:30,1077,Northern Ireland
2163,23 November 2018 12:45,1080,Northern Ireland
2164,23 November 2018 13:00,1073,Northern Ireland
2165,23 November 2018 13:15,1065,Northern Ireland
2166,23 November 2018 13:30,1045,Northern Ireland
2167,23 November 2018 13:45,1042,Northern Ireland
2168,23 November 2018 14:00,1034,Northern Ireland
2169,23 November 2018 14:15,1052,Northern Ireland
2170,23 November 2018 14:30,1060,Northern Ireland
2171,23 November 2018 14:45,1063,Northern Ireland
2172,23 November 2018 15:00,1061,Northern Ireland
2173,23 November 2018 15:15,1072,Northern Ireland
2174,23 November 2018 15:30,1086,Northern Ireland
2175,23 November 2018 15:45,1107,Northern Ireland
2176,23 November 2018 16:00,1128,Northern Ireland
2177,23 November 2018 16:15,1154,Northern Ireland
2178,23 November 2018 16:30,1197,Northern Ireland
2179,23 November 2018 16:45,1225,Northern Ireland
2180,23 November 2018 17:00,1238,Northern Ireland
2181,23 November 2018 17:15,1252,Northern Ireland
2182,23 November 2018 17:30,1267,Northern Ireland
2183,23 November 2018 17:45,1304,Northern Ireland
2184,23 November 2018 18:00,1294,Northern Ireland
2185,23 November 2018 18:15,1272,Northern Ireland
2186,23 November 2018 18:30,1246,Northern Ireland
2187,23 November 2018 18:45,1211,Northern Ireland
2188,23 November 2018 19:00,1131,Northern Ireland
2189,23 November 2018 19:15,1113,Northern Ireland
2190,23 November 2018 19:30,1093,Northern Ireland
2191,23 November 2018 19:45,1073,Northern Ireland
2192,23 November 2018 20:00,1043,Northern Ireland
2193,23 November 2018 20:15,949,Northern Ireland
2194,23 November 2018 20:30,940,Northern Ireland
2195,23 November 2018 20:45,920,Northern Ireland
2196,23 November 2018 21:00,905,Northern Ireland
2197,23 November 2018 21:15,913,Northern Ireland
2198,23 November 2018 21:30,940,Northern Ireland
2199,23 November 2018 21:45,943,Northern Ireland
2200,23 November 2018 22:00,905,Northern Ireland
2201,23 November 2018 22:15,944,Northern Ireland
2202,23 November 2018 22:30,924,Northern Ireland
2203,23 November 2018 22:45,900,Northern Ireland
2204,23 November 2018 23:00,864,Northern Ireland
2205,23 November 2018 23:15,821,Northern Ireland
2206,23 November 2018 23:30,795,Northern Ireland
2207,23 November 2018 23:45,766,Northern Ireland
2208,24 November 2018 00:00,742,Northern Ireland
2209,24 November 2018 00:15,709,Northern Ireland
2210,24 November 2018 00:30,695,Northern Ireland
2211,24 November 2018 00:45,677,Northern Ireland
2212,24 November 2018 01:00,668,Northern Ireland
2213,24 November 2018 01:15,668,Northern Ireland
2214,24 November 2018 01:30,666,Northern Ireland
2215,24 November 2018 01:45,662,Northern Ireland
2216,24 November 2018 02:00,689,Northern Ireland
2217,24 November 2018 02:15,693,Northern Ireland
2218,24 November 2018 02:30,697,Northern Ireland
2219,24 November 2018 02:45,690,Northern Ireland
2220,24 November 2018 03:00,683,Northern Ireland
2221,24 November 2018 03:15,686,Northern Ireland
2222,24 November 2018 03:30,680,Northern Ireland
2223,24 November 2018 03:45,677,Northern Ireland
2224,24 November 2018 04:00,678,Northern Ireland
2225,24 November 2018 04:15,677,Northern Ireland
2226,24 November 2018 04:30,677,Northern Ireland
2227,24 November 2018 04:45,680,Northern Ireland
2228,24 November 2018 05:00,680,Northern Ireland
2229,24 November 2018 05:15,687,Northern Ireland
2230,24 November 2018 05:30,692,Northern Ireland
2231,24 November 2018 05:45,697,Northern Ireland
2232,24 November 2018 06:00,721,Northern Ireland
2233,24 November 2018 06:15,755,Northern Ireland
2234,24 November 2018 06:30,728,Northern Ireland
2235,24 November 2018 06:45,719,Northern Ireland
2236,24 November 2018 07:00,739,Northern Ireland
2237,24 November 2018 07:15,743,Northern Ireland
2238,24 November 2018 07:30,802,Northern Ireland
2239,24 November 2018 07:45,765,Northern Ireland
2240,24 November 2018 08:00,789,Northern Ireland
2241,24 November 2018 08:15,831,Northern Ireland
2242,24 November 2018 08:30,861,Northern Ireland
2243,24 November 2018 08:45,886,Northern Ireland
2244,24 November 2018 09:00,920,Northern Ireland
2245,24 November 2018 09:15,949,Northern Ireland
2246,24 November 2018 09:30,961,Northern Ireland
2247,24 November 2018 09:45,971,Northern Ireland
2248,24 November 2018 10:00,985,Northern Ireland
2249,24 November 2018 10:15,997,Northern Ireland
2250,24 November 2018 10:30,997,Northern Ireland
2251,24 November 2018 10:45,991,Northern Ireland
2252,24 November 2018 11:00,988,Northern Ireland
2253,24 November 2018 11:15,989,Northern Ireland
2254,24 November 2018 11:30,997,Northern Ireland
2255,24 November 2018 11:45,997,Northern Ireland
2256,24 November 2018 12:00,996,Northern Ireland
2257,24 November 2018 12:15,991,Northern Ireland
2258,24 November 2018 12:30,983,Northern Ireland
2259,24 November 2018 12:45,974,Northern Ireland
2260,24 November 2018 13:00,970,Northern Ireland
2261,24 November 2018 13:15,972,Northern Ireland
2262,24 November 2018 13:30,960,Northern Ireland
2263,24 November 2018 13:45,956,Northern Ireland
2264,24 November 2018 14:00,948,Northern Ireland
2265,24 November 2018 14:15,947,Northern Ireland
2266,24 November 2018 14:30,943,Northern Ireland
2267,24 November 2018 14:45,939,Northern Ireland
2268,24 November 2018 15:00,941,Northern Ireland
2269,24 November 2018 15:15,947,Northern Ireland
2270,24 November 2018 15:30,959,Northern Ireland
2271,24 November 2018 15:45,970,Northern Ireland
2272,24 November 2018 16:00,1034,Northern Ireland
2273,24 November 2018 16:15,1071,Northern Ireland
2274,24 November 2018 16:30,1122,Northern Ireland
2275,24 November 2018 16:45,1125,Northern Ireland
2276,24 November 2018 17:00,1142,Northern Ireland
2277,24 November 2018 17:15,1150,Northern Ireland
2278,24 November 2018 17:30,1138,Northern Ireland
2279,24 November 2018 17:45,1120,Northern Ireland
2280,24 November 2018 18:00,1106,Northern Ireland
2281,24 November 2018 18:15,1094,Northern Ireland
2282,24 November 2018 18:30,1008,Northern Ireland
2283,24 November 2018 18:45,1004,Northern Ireland
2284,24 November 2018 19:00,1007,Northern Ireland
2285,24 November 2018 19:15,988,Northern Ireland
2286,24 November 2018 19:30,965,Northern Ireland
2287,24 November 2018 19:45,948,Northern Ireland
2288,24 November 2018 20:00,931,Northern Ireland
2289,24 November 2018 20:15,902,Northern Ireland
2290,24 November 2018 20:30,880,Northern Ireland
2291,24 November 2018 20:45,866,Northern Ireland
2292,24 November 2018 21:00,851,Northern Ireland
2293,24 November 2018 21:15,924,Northern Ireland
2294,24 November 2018 21:30,925,Northern Ireland
2295,24 November 2018 21:45,945,Northern Ireland
2296,24 November 2018 22:00,924,Northern Ireland
2297,24 November 2018 22:15,902,Northern Ireland
2298,24 November 2018 22:30,876,Northern Ireland
2299,24 November 2018 22:45,858,Northern Ireland
2300,24 November 2018 23:00,828,Northern Ireland
2301,24 November 2018 23:15,772,Northern Ireland
2302,24 November 2018 23:30,747,Northern Ireland
2303,24 November 2018 23:45,753,Northern Ireland
2304,25 November 2018 00:00,730,Northern Ireland
2305,25 November 2018 00:15,708,Northern Ireland
2306,25 November 2018 00:30,699,Northern Ireland
2307,25 November 2018 00:45,684,Northern Ireland
2308,25 November 2018 01:00,681,Northern Ireland
2309,25 November 2018 01:15,681,Northern Ireland
2310,25 November 2018 01:30,669,Northern Ireland
2311,25 November 2018 01:45,659,Northern Ireland
2312,25 November 2018 02:00,652,Northern Ireland
2313,25 November 2018 02:15,644,Northern Ireland
2314,25 November 2018 02:30,628,Northern Ireland
2315,25 November 2018 02:45,685,Northern Ireland
2316,25 November 2018 03:00,681,Northern Ireland
2317,25 November 2018 03:15,678,Northern Ireland
2318,25 November 2018 03:30,672,Northern Ireland
2319,25 November 2018 03:45,669,Northern Ireland
2320,25 November 2018 04:00,666,Northern Ireland
2321,25 November 2018 04:15,664,Northern Ireland
2322,25 November 2018 04:30,663,Northern Ireland
2323,25 November 2018 04:45,662,Northern Ireland
2324,25 November 2018 05:00,662,Northern Ireland
2325,25 November 2018 05:15,665,Northern Ireland
2326,25 November 2018 05:30,663,Northern Ireland
2327,25 November 2018 05:45,667,Northern Ireland
2328,25 November 2018 06:00,678,Northern Ireland
2329,25 November 2018 06:15,696,Northern Ireland
2330,25 November 2018 06:30,704,Northern Ireland
2331,25 November 2018 06:45,716,Northern Ireland
2332,25 November 2018 07:00,732,Northern Ireland
2333,25 November 2018 07:15,755,Northern Ireland
2334,25 November 2018 07:30,774,Northern Ireland
2335,25 November 2018 07:45,800,Northern Ireland
2336,25 November 2018 08:00,802,Northern Ireland
2337,25 November 2018 08:15,818,Northern Ireland
2338,25 November 2018 08:30,846,Northern Ireland
2339,25 November 2018 08:45,841,Northern Ireland
2340,25 November 2018 09:00,840,Northern Ireland
2341,25 November 2018 09:15,867,Northern Ireland
2342,25 November 2018 09:30,860,Northern Ireland
2343,25 November 2018 09:45,881,Northern Ireland
2344,25 November 2018 10:00,942,Northern Ireland
2345,25 November 2018 10:15,953,Northern Ireland
2346,25 November 2018 10:30,1031,Northern Ireland
2347,25 November 2018 10:45,1038,Northern Ireland
2348,25 November 2018 11:00,1046,Northern Ireland
2349,25 November 2018 11:15,1060,Northern Ireland
2350,25 November 2018 11:30,1060,Northern Ireland
2351,25 November 2018 11:45,1091,Northern Ireland
2352,25 November 2018 12:00,1091,Northern Ireland
2353,25 November 2018 12:15,1104,Northern Ireland
2354,25 November 2018 12:30,1112,Northern Ireland
2355,25 November 2018 12:45,1132,Northern Ireland
2356,25 November 2018 13:00,1138,Northern Ireland
2357,25 November 2018 13:15,1140,Northern Ireland
2358,25 November 2018 13:30,1125,Northern Ireland
2359,25 November 2018 13:45,1102,Northern Ireland
2360,25 November 2018 14:00,1090,Northern Ireland
2361,25 November 2018 14:15,1078,Northern Ireland
2362,25 November 2018 14:30,1082,Northern Ireland
2363,25 November 2018 14:45,1070,Northern Ireland
2364,25 November 2018 15:00,1079,Northern Ireland
2365,25 November 2018 15:15,1093,Northern Ireland
2366,25 November 2018 15:30,1105,Northern Ireland
2367,25 November 2018 15:45,1127,Northern Ireland
2368,25 November 2018 16:00,1151,Northern Ireland
2369,25 November 2018 16:15,1153,Northern Ireland
2370,25 November 2018 16:30,1208,Northern Ireland
2371,25 November 2018 16:45,1227,Northern Ireland
2372,25 November 2018 17:00,1268,Northern Ireland
2373,25 November 2018 17:15,1285,Northern Ireland
2374,25 November 2018 17:30,1287,Northern Ireland
2375,25 November 2018 17:45,1299,Northern Ireland
2376,25 November 2018 18:00,1275,Northern Ireland
2377,25 November 2018 18:15,1194,Northern Ireland
2378,25 November 2018 18:30,1177,Northern Ireland
2379,25 November 2018 18:45,1154,Northern Ireland
2380,25 November 2018 19:00,1128,Northern Ireland
2381,25 November 2018 19:15,1114,Northern Ireland
2382,25 November 2018 19:30,1097,Northern Ireland
2383,25 November 2018 19:45,1074,Northern Ireland
2384,25 November 2018 20:00,1052,Northern Ireland
2385,25 November 2018 20:15,1034,Northern Ireland
2386,25 November 2018 20:30,1017,Northern Ireland
2387,25 November 2018 20:45,993,Northern Ireland
2388,25 November 2018 21:00,1047,Northern Ireland
2389,25 November 2018 21:15,1019,Northern Ireland
2390,25 November 2018 21:30,1047,Northern Ireland
2391,25 November 2018 21:45,1028,Northern Ireland
2392,25 November 2018 22:00,998,Northern Ireland
2393,25 November 2018 22:15,975,Northern Ireland
2394,25 November 2018 22:30,942,Northern Ireland
2395,25 November 2018 22:45,905,Northern Ireland
2396,25 November 2018 23:00,867,Northern Ireland
2397,25 November 2018 23:15,827,Northern Ireland
2398,25 November 2018 23:30,796,Northern Ireland
2399,25 November 2018 23:45,767,Northern Ireland
2400,26 November 2018 00:00,747,Northern Ireland
2401,26 November 2018 00:15,729,Northern Ireland
2402,26 November 2018 00:30,711,Northern Ireland
2403,26 November 2018 00:45,694,Northern Ireland
2404,26 November 2018 01:00,701,Northern Ireland
2405,26 November 2018 01:15,708,Northern Ireland
2406,26 November 2018 01:30,694,Northern Ireland
2407,26 November 2018 01:45,693,Northern Ireland
2408,26 November 2018 02:00,693,Northern Ireland
2409,26 November 2018 02:15,686,Northern Ireland
2410,26 November 2018 02:30,678,Northern Ireland
2411,26 November 2018 02:45,678,Northern Ireland
2412,26 November 2018 03:00,675,Northern Ireland
2413,26 November 2018 03:15,675,Northern Ireland
2414,26 November 2018 03:30,672,Northern Ireland
2415,26 November 2018 03:45,668,Northern Ireland
2416,26 November 2018 04:00,671,Northern Ireland
2417,26 November 2018 04:15,645,Northern Ireland
2418,26 November 2018 04:30,609,Northern Ireland
2419,26 November 2018 04:45,601,Northern Ireland
2420,26 November 2018 05:00,568,Northern Ireland
2421,26 November 2018 05:15,594,Northern Ireland
2422,26 November 2018 05:30,644,Northern Ireland
2423,26 November 2018 05:45,659,Northern Ireland
2424,26 November 2018 06:00,703,Northern Ireland
2425,26 November 2018 06:15,755,Northern Ireland
2426,26 November 2018 06:30,801,Northern Ireland
2427,26 November 2018 06:45,863,Northern Ireland
2428,26 November 2018 07:00,925,Northern Ireland
2429,26 November 2018 07:15,981,Northern Ireland
2430,26 November 2018 07:30,1024,Northern Ireland
2431,26 November 2018 07:45,1069,Northern Ireland
2432,26 November 2018 08:00,1103,Northern Ireland
2433,26 November 2018 08:15,1143,Northern Ireland
2434,26 November 2018 08:30,1182,Northern Ireland
2435,26 November 2018 08:45,1177,Northern Ireland
2436,26 November 2018 09:00,1203,Northern Ireland
2437,26 November 2018 09:15,1213,Northern Ireland
2438,26 November 2018 09:30,1215,Northern Ireland
2439,26 November 2018 09:45,1205,Northern Ireland
2440,26 November 2018 10:00,1201,Northern Ireland
2441,26 November 2018 10:15,1186,Northern Ireland
2442,26 November 2018 10:30,1191,Northern Ireland
2443,26 November 2018 10:45,1187,Northern Ireland
2444,26 November 2018 11:00,1170,Northern Ireland
2445,26 November 2018 11:15,1141,Northern Ireland
2446,26 November 2018 11:30,1130,Northern Ireland
2447,26 November 2018 11:45,1142,Northern Ireland
2448,26 November 2018 12:00,1168,Northern Ireland
2449,26 November 2018 12:15,1174,Northern Ireland
2450,26 November 2018 12:30,1175,Northern Ireland
2451,26 November 2018 12:45,1176,Northern Ireland
2452,26 November 2018 13:00,1142,Northern Ireland
2453,26 November 2018 13:15,1071,Northern Ireland
2454,26 November 2018 13:30,1105,Northern Ireland
2455,26 November 2018 13:45,1153,Northern Ireland
2456,26 November 2018 14:00,1159,Northern Ireland
2457,26 November 2018 14:15,1177,Northern Ireland
2458,26 November 2018 14:30,1190,Northern Ireland
2459,26 November 2018 14:45,1157,Northern Ireland
2460,26 November 2018 15:00,1146,Northern Ireland
2461,26 November 2018 15:15,1145,Northern Ireland
2462,26 November 2018 15:30,1157,Northern Ireland
2463,26 November 2018 15:45,1181,Northern Ireland
2464,26 November 2018 16:00,1202,Northern Ireland
2465,26 November 2018 16:15,1258,Northern Ireland
2466,26 November 2018 16:30,1169,Northern Ireland
2467,26 November 2018 16:45,1230,Northern Ireland
2468,26 November 2018 17:00,1267,Northern Ireland
2469,26 November 2018 17:15,1279,Northern Ireland
2470,26 November 2018 17:30,1272,Northern Ireland
2471,26 November 2018 17:45,1245,Northern Ireland
2472,26 November 2018 18:00,1227,Northern Ireland
2473,26 November 2018 18:15,1182,Northern Ireland
2474,26 November 2018 18:30,1149,Northern Ireland
2475,26 November 2018 18:45,1142,Northern Ireland
2476,26 November 2018 19:00,1123,Northern Ireland
2477,26 November 2018 19:15,1109,Northern Ireland
2478,26 November 2018 19:30,1113,Northern Ireland
2479,26 November 2018 19:45,1148,Northern Ireland
2480,26 November 2018 20:00,1168,Northern Ireland
2481,26 November 2018 20:15,1151,Northern Ireland
2482,26 November 2018 20:30,1146,Northern Ireland
2483,26 November 2018 20:45,1120,Northern Ireland
2484,26 November 2018 21:00,1080,Northern Ireland
2485,26 November 2018 21:15,1047,Northern Ireland
2486,26 November 2018 21:30,1006,Northern Ireland
2487,26 November 2018 21:45,1049,Northern Ireland
2488,26 November 2018 22:00,1003,Northern Ireland
2489,26 November 2018 22:15,976,Northern Ireland
2490,26 November 2018 22:30,932,Northern Ireland
2491,26 November 2018 22:45,888,Northern Ireland
2492,26 November 2018 23:00,844,Northern Ireland
2493,26 November 2018 23:15,800,Northern Ireland
2494,26 November 2018 23:30,764,Northern Ireland
2495,26 November 2018 23:45,737,Northern Ireland
2496,27 November 2018 00:00,711,Northern Ireland
2497,27 November 2018 00:15,672,Northern Ireland
2498,27 November 2018 00:30,636,Northern Ireland
2499,27 November 2018 00:45,619,Northern Ireland
2500,27 November 2018 01:00,619,Northern Ireland
2501,27 November 2018 01:15,622,Northern Ireland
2502,27 November 2018 01:30,615,Northern Ireland
2503,27 November 2018 01:45,612,Northern Ireland
2504,27 November 2018 02:00,599,Northern Ireland
2505,27 November 2018 02:15,583,Northern Ireland
2506,27 November 2018 02:30,583,Northern Ireland
2507,27 November 2018 02:45,574,Northern Ireland
2508,27 November 2018 03:00,567,Northern Ireland
2509,27 November 2018 03:15,563,Northern Ireland
2510,27 November 2018 03:30,565,Northern Ireland
2511,27 November 2018 03:45,560,Northern Ireland
2512,27 November 2018 04:00,549,Northern Ireland
2513,27 November 2018 04:15,560,Northern Ireland
2514,27 November 2018 04:30,553,Northern Ireland
2515,27 November 2018 04:45,555,Northern Ireland
2516,27 November 2018 05:00,569,Northern Ireland
2517,27 November 2018 05:15,575,Northern Ireland
2518,27 November 2018 05:30,575,Northern Ireland
2519,27 November 2018 05:45,597,Northern Ireland
2520,27 November 2018 06:00,630,Northern Ireland
2521,27 November 2018 06:15,694,Northern Ireland
2522,27 November 2018 06:30,734,Northern Ireland
2523,27 November 2018 06:45,785,Northern Ireland
2524,27 November 2018 07:00,849,Northern Ireland
2525,27 November 2018 07:15,948,Northern Ireland
2526,27 November 2018 07:30,1002,Northern Ireland
2527,27 November 2018 07:45,1067,Northern Ireland
2528,27 November 2018 08:00,1102,Northern Ireland
2529,27 November 2018 08:15,1121,Northern Ireland
2530,27 November 2018 08:30,1135,Northern Ireland
2531,27 November 2018 08:45,1132,Northern Ireland
2532,27 November 2018 09:00,1143,Northern Ireland
2533,27 November 2018 09:15,1176,Northern Ireland
2534,27 November 2018 09:30,1191,Northern Ireland
2535,27 November 2018 09:45,1200,Northern Ireland
2536,27 November 2018 10:00,1211,Northern Ireland
2537,27 November 2018 10:15,1288,Northern Ireland
2538,27 November 2018 10:30,1305,Northern Ireland
2539,27 November 2018 10:45,1308,Northern Ireland
2540,27 November 2018 11:00,1304,Northern Ireland
2541,27 November 2018 11:15,1278,Northern Ireland
2542,27 November 2018 11:30,1249,Northern Ireland
2543,27 November 2018 11:45,1226,Northern Ireland
2544,27 November 2018 12:00,1207,Northern Ireland
2545,27 November 2018 12:15,1218,Northern Ireland
2546,27 November 2018 12:30,1262,Northern Ireland
2547,27 November 2018 12:45,1266,Northern Ireland
2548,27 November 2018 13:00,1252,Northern Ireland
2549,27 November 2018 13:15,1223,Northern Ireland
2550,27 November 2018 13:30,1202,Northern Ireland
2551,27 November 2018 13:45,1197,Northern Ireland
2552,27 November 2018 14:00,1197,Northern Ireland
2553,27 November 2018 14:15,1204,Northern Ireland
2554,27 November 2018 14:30,1203,Northern Ireland
2555,27 November 2018 14:45,1204,Northern Ireland
2556,27 November 2018 15:00,1206,Northern Ireland
2557,27 November 2018 15:15,1152,Northern Ireland
2558,27 November 2018 15:30,1179,Northern Ireland
2559,27 November 2018 15:45,1213,Northern Ireland
2560,27 November 2018 16:00,1241,Northern Ireland
2561,27 November 2018 16:15,1264,Northern Ireland
2562,27 November 2018 16:30,1301,Northern Ireland
2563,27 November 2018 16:45,1336,Northern Ireland
2564,27 November 2018 17:00,1370,Northern Ireland
2565,27 November 2018 17:15,1357,Northern Ireland
2566,27 November 2018 17:30,1358,Northern Ireland
2567,27 November 2018 17:45,1334,Northern Ireland
2568,27 November 2018 18:00,1312,Northern Ireland
2569,27 November 2018 18:15,1332,Northern Ireland
2570,27 November 2018 18:30,1309,Northern Ireland
2571,27 November 2018 18:45,1311,Northern Ireland
2572,27 November 2018 19:00,1284,Northern Ireland
2573,27 November 2018 19:15,1267,Northern Ireland
2574,27 November 2018 19:30,1254,Northern Ireland
2575,27 November 2018 19:45,1236,Northern Ireland
2576,27 November 2018 20:00,1205,Northern Ireland
2577,27 November 2018 20:15,1178,Northern Ireland
2578,27 November 2018 20:30,1166,Northern Ireland
2579,27 November 2018 20:45,1141,Northern Ireland
2580,27 November 2018 21:00,1126,Northern Ireland
2581,27 November 2018 21:15,1079,Northern Ireland
2582,27 November 2018 21:30,1029,Northern Ireland
2583,27 November 2018 21:45,1004,Northern Ireland
2584,27 November 2018 22:00,971,Northern Ireland
2585,27 November 2018 22:15,943,Northern Ireland
2586,27 November 2018 22:30,941,Northern Ireland
2587,27 November 2018 22:45,890,Northern Ireland
2588,27 November 2018 23:00,851,Northern Ireland
2589,27 November 2018 23:15,823,Northern Ireland
2590,27 November 2018 23:30,782,Northern Ireland
2591,27 November 2018 23:45,749,Northern Ireland
2592,28 November 2018 00:00,719,Northern Ireland
2593,28 November 2018 00:15,685,Northern Ireland
2594,28 November 2018 00:30,655,Northern Ireland
2595,28 November 2018 00:45,632,Northern Ireland
2596,28 November 2018 01:00,623,Northern Ireland
2597,28 November 2018 01:15,616,Northern Ireland
2598,28 November 2018 01:30,605,Northern Ireland
2599,28 November 2018 01:45,590,Northern Ireland
2600,28 November 2018 02:00,580,Northern Ireland
2601,28 November 2018 02:15,578,Northern Ireland
2602,28 November 2018 02:30,564,Northern Ireland
2603,28 November 2018 02:45,549,Northern Ireland
2604,28 November 2018 03:00,544,Northern Ireland
2605,28 November 2018 03:15,548,Northern Ireland
2606,28 November 2018 03:30,540,Northern Ireland
2607,28 November 2018 03:45,539,Northern Ireland
2608,28 November 2018 04:00,542,Northern Ireland
2609,28 November 2018 04:15,547,Northern Ireland
2610,28 November 2018 04:30,542,Northern Ireland
2611,28 November 2018 04:45,548,Northern Ireland
2612,28 November 2018 05:00,560,Northern Ireland
2613,28 November 2018 05:15,573,Northern Ireland
2614,28 November 2018 05:30,548,Northern Ireland
2615,28 November 2018 05:45,564,Northern Ireland
2616,28 November 2018 06:00,599,Northern Ireland
2617,28 November 2018 06:15,614,Northern Ireland
2618,28 November 2018 06:30,638,Northern Ireland
2619,28 November 2018 06:45,678,Northern Ireland
2620,28 November 2018 07:00,739,Northern Ireland
2621,28 November 2018 07:15,826,Northern Ireland
2622,28 November 2018 07:30,886,Northern Ireland
2623,28 November 2018 07:45,945,Northern Ireland
2624,28 November 2018 08:00,974,Northern Ireland
2625,28 November 2018 08:15,990,Northern Ireland
2626,28 November 2018 08:30,1035,Northern Ireland
2627,28 November 2018 08:45,1030,Northern Ireland
2628,28 November 2018 09:00,1041,Northern Ireland
2629,28 November 2018 09:15,1062,Northern Ireland
2630,28 November 2018 09:30,1068,Northern Ireland
2631,28 November 2018 09:45,1078,Northern Ireland
2632,28 November 2018 10:00,1078,Northern Ireland
2633,28 November 2018 10:15,1067,Northern Ireland
2634,28 November 2018 10:30,1078,Northern Ireland
2635,28 November 2018 10:45,1085,Northern Ireland
2636,28 November 2018 11:00,1094,Northern Ireland
2637,28 November 2018 11:15,1088,Northern Ireland
2638,28 November 2018 11:30,1091,Northern Ireland
2639,28 November 2018 11:45,1093,Northern Ireland
2640,28 November 2018 12:00,1096,Northern Ireland
2641,28 November 2018 12:15,1107,Northern Ireland
2642,28 November 2018 12:30,1111,Northern Ireland
2643,28 November 2018 12:45,1102,Northern Ireland
2644,28 November 2018 13:00,1097,Northern Ireland
2645,28 November 2018 13:15,1089,Northern Ireland
2646,28 November 2018 13:30,1078,Northern Ireland
2647,28 November 2018 13:45,1070,Northern Ireland
2648,28 November 2018 14:00,1060,Northern Ireland
2649,28 November 2018 14:15,1060,Northern Ireland
2650,28 November 2018 14:30,1039,Northern Ireland
2651,28 November 2018 14:45,1032,Northern Ireland
2652,28 November 2018 15:00,1033,Northern Ireland
2653,28 November 2018 15:15,1051,Northern Ireland
2654,28 November 2018 15:30,1070,Northern Ireland
2655,28 November 2018 15:45,1088,Northern Ireland
2656,28 November 2018 16:00,1129,Northern Ireland
2657,28 November 2018 16:15,1181,Northern Ireland
2658,28 November 2018 16:30,1245,Northern Ireland
2659,28 November 2018 16:45,1294,Northern Ireland
2660,28 November 2018 17:00,1317,Northern Ireland
2661,28 November 2018 17:15,1337,Northern Ireland
2662,28 November 2018 17:30,1330,Northern Ireland
2663,28 November 2018 17:45,1296,Northern Ireland
2664,28 November 2018 18:00,1262,Northern Ireland
2665,28 November 2018 18:15,1220,Northern Ireland
2666,28 November 2018 18:30,1200,Northern Ireland
2667,28 November 2018 18:45,1171,Northern Ireland
2668,28 November 2018 19:00,1160,Northern Ireland
2669,28 November 2018 19:15,1140,Northern Ireland
2670,28 November 2018 19:30,1141,Northern Ireland
2671,28 November 2018 19:45,1152,Northern Ireland
2672,28 November 2018 20:00,1208,Northern Ireland
2673,28 November 2018 20:15,1183,Northern Ireland
2674,28 November 2018 20:30,1165,Northern Ireland
2675,28 November 2018 20:45,1138,Northern Ireland
2676,28 November 2018 21:00,1131,Northern Ireland
2677,28 November 2018 21:15,1083,Northern Ireland
2678,28 November 2018 21:30,1049,Northern Ireland
2679,28 November 2018 21:45,1022,Northern Ireland
2680,28 November 2018 22:00,990,Northern Ireland
2681,28 November 2018 22:15,960,Northern Ireland
2682,28 November 2018 22:30,926,Northern Ireland
2683,28 November 2018 22:45,866,Northern Ireland
2684,28 November 2018 23:00,832,Northern Ireland
2685,28 November 2018 23:15,803,Northern Ireland
2686,28 November 2018 23:30,751,Northern Ireland
2687,28 November 2018 23:45,682,Northern Ireland
2688,29 November 2018 00:00,648,Northern Ireland
2689,29 November 2018 00:15,621,Northern Ireland
2690,29 November 2018 00:30,611,Northern Ireland
2691,29 November 2018 00:45,599,Northern Ireland
2692,29 November 2018 01:00,586,Northern Ireland
2693,29 November 2018 01:15,605,Northern Ireland
2694,29 November 2018 01:30,607,Northern Ireland
2695,29 November 2018 01:45,599,Northern Ireland
2696,29 November 2018 02:00,585,Northern Ireland
2697,29 November 2018 02:15,584,Northern Ireland
2698,29 November 2018 02:30,569,Northern Ireland
2699,29 November 2018 02:45,558,Northern Ireland
2700,29 November 2018 03:00,553,Northern Ireland
2701,29 November 2018 03:15,550,Northern Ireland
2702,29 November 2018 03:30,544,Northern Ireland
2703,29 November 2018 03:45,540,Northern Ireland
2704,29 November 2018 04:00,550,Northern Ireland
2705,29 November 2018 04:15,559,Northern Ireland
2706,29 November 2018 04:30,566,Northern Ireland
2707,29 November 2018 04:45,568,Northern Ireland
2708,29 November 2018 05:00,588,Northern Ireland
2709,29 November 2018 05:15,609,Northern Ireland
2710,29 November 2018 05:30,616,Northern Ireland
2711,29 November 2018 05:45,635,Northern Ireland
2712,29 November 2018 06:00,666,Northern Ireland
2713,29 November 2018 06:15,655,Northern Ireland
2714,29 November 2018 06:30,678,Northern Ireland
2715,29 November 2018 06:45,737,Northern Ireland
2716,29 November 2018 07:00,834,Northern Ireland
2717,29 November 2018 07:15,902,Northern Ireland
2718,29 November 2018 07:30,962,Northern Ireland
2719,29 November 2018 07:45,1014,Northern Ireland
2720,29 November 2018 08:00,995,Northern Ireland
2721,29 November 2018 08:15,1027,Northern Ireland
2722,29 November 2018 08:30,1087,Northern Ireland
2723,29 November 2018 08:45,1077,Northern Ireland
2724,29 November 2018 09:00,1084,Northern Ireland
2725,29 November 2018 09:15,1088,Northern Ireland
2726,29 November 2018 09:30,1106,Northern Ireland
2727,29 November 2018 09:45,1086,Northern Ireland
2728,29 November 2018 10:00,1121,Northern Ireland
2729,29 November 2018 10:15,1128,Northern Ireland
2730,29 November 2018 10:30,1124,Northern Ireland
2731,29 November 2018 10:45,1135,Northern Ireland
2732,29 November 2018 11:00,1126,Northern Ireland
2733,29 November 2018 11:15,1115,Northern Ireland
2734,29 November 2018 11:30,1095,Northern Ireland
2735,29 November 2018 11:45,1069,Northern Ireland
2736,29 November 2018 12:00,1049,Northern Ireland
2737,29 November 2018 12:15,1028,Northern Ireland
2738,29 November 2018 12:30,1027,Northern Ireland
2739,29 November 2018 12:45,1007,Northern Ireland
2740,29 November 2018 13:00,1001,Northern Ireland
2741,29 November 2018 13:15,1001,Northern Ireland
2742,29 November 2018 13:30,994,Northern Ireland
2743,29 November 2018 13:45,992,Northern Ireland
2744,29 November 2018 14:00,994,Northern Ireland
2745,29 November 2018 14:15,983,Northern Ireland
2746,29 November 2018 14:30,984,Northern Ireland
2747,29 November 2018 14:45,990,Northern Ireland
2748,29 November 2018 15:00,996,Northern Ireland
2749,29 November 2018 15:15,1012,Northern Ireland
2750,29 November 2018 15:30,1029,Northern Ireland
2751,29 November 2018 15:45,1056,Northern Ireland
2752,29 November 2018 16:00,1090,Northern Ireland
2753,29 November 2018 16:15,1144,Northern Ireland
2754,29 November 2018 16:30,1200,Northern Ireland
2755,29 November 2018 16:45,1261,Northern Ireland
2756,29 November 2018 17:00,1298,Northern Ireland
2757,29 November 2018 17:15,1303,Northern Ireland
2758,29 November 2018 17:30,1297,Northern Ireland
2759,29 November 2018 17:45,1286,Northern Ireland
2760,29 November 2018 18:00,1270,Northern Ireland
2761,29 November 2018 18:15,1229,Northern Ireland
2762,29 November 2018 18:30,1217,Northern Ireland
2763,29 November 2018 18:45,1178,Northern Ireland
2764,29 November 2018 19:00,1166,Northern Ireland
2765,29 November 2018 19:15,1159,Northern Ireland
2766,29 November 2018 19:30,1143,Northern Ireland
2767,29 November 2018 19:45,1126,Northern Ireland
2768,29 November 2018 20:00,1102,Northern Ireland
2769,29 November 2018 20:15,1097,Northern Ireland
2770,29 November 2018 20:30,1083,Northern Ireland
2771,29 November 2018 20:45,1082,Northern Ireland
2772,29 November 2018 21:00,1038,Northern Ireland
2773,29 November 2018 21:15,1007,Northern Ireland
2774,29 November 2018 21:30,964,Northern Ireland
2775,29 November 2018 21:45,939,Northern Ireland
2776,29 November 2018 22:00,915,Northern Ireland
2777,29 November 2018 22:15,884,Northern Ireland
2778,29 November 2018 22:30,850,Northern Ireland
2779,29 November 2018 22:45,795,Northern Ireland
2780,29 November 2018 23:00,814,Northern Ireland
2781,29 November 2018 23:15,777,Northern Ireland
2782,29 November 2018 23:30,747,Northern Ireland
2783,29 November 2018 23:45,707,Northern Ireland
2784,30 November 2018 00:00,681,Northern Ireland
2785,30 November 2018 00:15,660,Northern Ireland
2786,30 November 2018 00:30,629,Northern Ireland
2787,30 November 2018 00:45,608,Northern Ireland
2788,30 November 2018 01:00,598,Northern Ireland
2789,30 November 2018 01:15,608,Northern Ireland
2790,30 November 2018 01:30,600,Northern Ireland
2791,30 November 2018 01:45,593,Northern Ireland
2792,30 November 2018 02:00,586,Northern Ireland
2793,30 November 2018 02:15,578,Northern Ireland
2794,30 November 2018 02:30,575,Northern Ireland
2795,30 November 2018 02:45,573,Northern Ireland
2796,30 November 2018 03:00,564,Northern Ireland
2797,30 November 2018 03:15,566,Northern Ireland
2798,30 November 2018 03:30,561,Northern Ireland
2799,30 November 2018 03:45,554,Northern Ireland
2800,30 November 2018 04:00,557,Northern Ireland
2801,30 November 2018 04:15,560,Northern Ireland
2802,30 November 2018 04:30,560,Northern Ireland
2803,30 November 2018 04:45,565,Northern Ireland
2804,30 November 2018 05:00,570,Northern Ireland
2805,30 November 2018 05:15,580,Northern Ireland
2806,30 November 2018 05:30,589,Northern Ireland
2807,30 November 2018 05:45,627,Northern Ireland
2808,30 November 2018 06:00,654,Northern Ireland
2809,30 November 2018 06:15,712,Northern Ireland
2810,30 November 2018 06:30,748,Northern Ireland
2811,30 November 2018 06:45,816,Northern Ireland
2812,30 November 2018 07:00,881,Northern Ireland
2813,30 November 2018 07:15,977,Northern Ireland
2814,30 November 2018 07:30,1033,Northern Ireland
2815,30 November 2018 07:45,1073,Northern Ireland
2816,30 November 2018 08:00,1115,Northern Ireland
2817,30 November 2018 08:15,1116,Northern Ireland
2818,30 November 2018 08:30,1114,Northern Ireland
2819,30 November 2018 08:45,1108,Northern Ireland
2820,30 November 2018 09:00,1119,Northern Ireland
2821,30 November 2018 09:15,1137,Northern Ireland
2822,30 November 2018 09:30,1132,Northern Ireland
2823,30 November 2018 09:45,1127,Northern Ireland
2824,30 November 2018 10:00,1124,Northern Ireland
2825,30 November 2018 10:15,1107,Northern Ireland
2826,30 November 2018 10:30,1117,Northern Ireland
2827,30 November 2018 10:45,1096,Northern Ireland
2828,30 November 2018 11:00,1094,Northern Ireland
2829,30 November 2018 11:15,1073,Northern Ireland
2830,30 November 2018 11:30,1071,Northern Ireland
2831,30 November 2018 11:45,1054,Northern Ireland
2832,30 November 2018 12:00,1054,Northern Ireland
2833,30 November 2018 12:15,1057,Northern Ireland
2834,30 November 2018 12:30,1034,Northern Ireland
2835,30 November 2018 12:45,1043,Northern Ireland
2836,30 November 2018 13:00,989,Northern Ireland
2837,30 November 2018 13:15,968,Northern Ireland
2838,30 November 2018 13:30,1028,Northern Ireland
2839,30 November 2018 13:45,1029,Northern Ireland
2840,30 November 2018 14:00,1028,Northern Ireland
2841,30 November 2018 14:15,1025,Northern Ireland
2842,30 November 2018 14:30,1042,Northern Ireland
2843,30 November 2018 14:45,1052,Northern Ireland
2844,30 November 2018 15:00,1043,Northern Ireland
2845,30 November 2018 15:15,1067,Northern Ireland
2846,30 November 2018 15:30,1088,Northern Ireland
2847,30 November 2018 15:45,1059,Northern Ireland
2848,30 November 2018 16:00,1075,Northern Ireland
2849,30 November 2018 16:15,1127,Northern Ireland
2850,30 November 2018 16:30,1204,Northern Ireland
2851,30 November 2018 16:45,1242,Northern Ireland
2852,30 November 2018 17:00,1261,Northern Ireland
2853,30 November 2018 17:15,1283,Northern Ireland
2854,30 November 2018 17:30,1280,Northern Ireland
2855,30 November 2018 17:45,1310,Northern Ireland
2856,30 November 2018 18:00,1302,Northern Ireland
2857,30 November 2018 18:15,1274,Northern Ireland
2858,30 November 2018 18:30,1247,Northern Ireland
2859,30 November 2018 18:45,1233,Northern Ireland
2860,30 November 2018 19:00,1219,Northern Ireland
2861,30 November 2018 19:15,1189,Northern Ireland
2862,30 November 2018 19:30,1173,Northern Ireland
2863,30 November 2018 19:45,1160,Northern Ireland
2864,30 November 2018 20:00,1135,Northern Ireland
2865,30 November 2018 20:15,1106,Northern Ireland
2866,30 November 2018 20:30,1094,Northern Ireland
2867,30 November 2018 20:45,1078,Northern Ireland
2868,30 November 2018 21:00,1060,Northern Ireland
2869,30 November 2018 21:15,1031,Northern Ireland
2870,30 November 2018 21:30,1002,Northern Ireland
2871,30 November 2018 21:45,976,Northern Ireland
2872,30 November 2018 22:00,953,Northern Ireland
2873,30 November 2018 22:15,961,Northern Ireland
2874,30 November 2018 22:30,930,Northern Ireland
2875,30 November 2018 22:45,906,Northern Ireland
2876,30 November 2018 23:00,866,Northern Ireland
2877,30 November 2018 23:15,831,Northern Ireland
2878,30 November 2018 23:30,806,Northern Ireland
2879,30 November 2018 23:45,786,Northern Ireland
